init_date,em_d01,em_d02,em_d03,em_d04,em_d05,em_d06,em_d07,em_d08,em_d09,em_d10,em_d11,em_d12,em_d13,em_d14,em_d15,es_d01,es_d02,es_d03,es_d04,es_d05,es_d06,es_d07,es_d08,es_d09,es_d10,es_d11,es_d12,es_d13,es_d14,es_d15,hres_d01,hres_d02,hres_d03,hres_d04,hres_d05,hres_d06,hres_d07,hres_d08,hres_d09,hres_d10,hres_d11,hres_d12,hres_d13,hres_d14,hres_d15
2026-07-17,234,243,218,209,215,225,220,230,240,231,227,232,234,236,240,12,8,8,8,8,11,16,16,19,27,28,32,34,37,40,240,247,218,212,212,228,210,222,242,222,,,,,
2026-07-14,287,271,249,226,227,220,219,233,248,257,252,248,237,233,233,5,12,17,15,13,15,16,21,28,27,29,32,28,32,33,289,278,252,220,236,216,215,223,226,234,,,,,
2026-07-15,266,243,220,225,209,203,212,224,237,243,240,226,223,226,229,12,15,12,9,10,11,13,17,24,27,27,28,30,35,35,259,234,222,228,207,203,209,206,229,251,,,,,
2026-07-16,246,228,231,215,205,213,224,229,241,248,231,228,223,227,226,13,13,9,8,10,10,13,16,22,22,24,25,29,34,40,251,219,228,207,197,204,222,227,239,265,,,,,
2026-07-18,232,211,204,214,227,223,223,234,227,224,226,224,225,225,231,8,6,7,7,9,12,15,16,22,26,29,30,33,36,37,233,213,207,214,234,232,234,225,221,186,,,,,
2026-07-19,211,205,215,230,232,236,242,224,216,214,218,220,227,230,229,5,6,6,6,8,15,20,26,22,20,29,33,37,34,37,212,207,216,232,236,242,264,253,201,195,,,,,
2026-07-20,201,207,223,227,235,235,214,218,222,223,231,246,253,249,248,5,4,5,6,10,21,21,22,24,25,30,32,32,34,39,202,208,223,227,240,239,212,214,227,229,,,,,
2026-07-21,208,222,223,236,241,215,217,230,238,233,234,238,241,245,247,3,4,5,7,14,20,14,21,25,24,28,31,34,33,38,208,223,223,236,249,203,210,245,275,270,,,,,
2026-07-22,219,221,235,246,219,216,245,266,258,259,261,263,268,271,263,4,5,6,11,17,12,15,20,25,30,36,35,39,36,37,220,223,236,257,203,207,242,283,304,303,,,,,
2026-07-23,214,237,244,216,218,248,282,285,277,275,278,269,269,270,261,3,4,12,14,9,9,13,23,25,27,34,37,37,36,42,216,238,251,221,220,245,285,304,291,311,,,,,
2026-07-24,233,242,221,220,254,293,288,274,278,273,268,270,274,265,252,3,10,10,7,7,11,24,26,22,35,36,36,37,41,36,234,245,223,224,254,303,306,281,317,312,,,,,
2026-07-25,248,215,217,258,299,303,271,269,271,269,262,259,249,235,232,9,12,8,7,8,19,25,27,28,31,34,33,37,35,37,250,217,219,259,298,315,265,266,259,281,,,,,
2026-07-26,218,216,248,294,292,244,260,276,269,258,244,237,229,230,232,5,6,6,6,15,19,24,27,34,34,35,35,31,33,32,218,218,249,295,291,251,274,304,283,271,,,,,
2026-07-27,213,249,288,272,252,258,275,285,276,257,241,232,233,233,237,6,4,5,16,17,23,21,23,25,26,30,30,29,31,32,214,248,289,258,256,277,290,295,280,248,,,,,
2026-07-28,246,285,265,242,245,270,280,263,256,246,228,226,228,237,237,3,5,14,14,14,16,24,18,19,26,31,31,25,31,35,247,286,269,226,252,281,286,254,252,257,,,,,
2026-07-29,289,260,238,244,266,258,244,236,244,237,223,220,226,231,234,4,10,15,13,15,23,15,19,24,29,25,30,34,32,31,291,262,230,245,266,269,263,251,264,221,,,,,
2026-07-30,251,238,242,261,263,257,255,254,238,227,228,234,237,239,242,8,13,12,16,21,18,20,27,35,32,35,36,31,29,32,251,247,247,270,276,246,274,238,224,200,,,,,
2026-07-31,230,232,258,260,250,249,247,228,220,221,231,244,245,247,241,12,10,11,19,14,18,27,32,30,26,29,29,25,28,32,221,233,258,265,247,253,270,232,218,200,,,,,
2026-08-01,229,254,253,243,237,236,242,231,227,230,241,244,246,234,228,5,8,19,9,12,18,29,25,24,27,31,31,30,29,27,228,253,262,247,236,219,216,242,233,246,,,,,
2026-08-02,266,260,247,233,214,204,215,229,235,238,240,235,231,228,218,8,17,10,9,13,14,19,20,22,26,30,31,35,33,30,266,259,248,237,209,194,206,217,235,266,,,,,
2026-08-03,270,249,233,217,209,231,241,234,238,245,252,241,230,227,230,12,9,8,10,10,17,22,27,26,29,32,29,28,30,33,265,245,235,219,211,251,268,238,255,262,,,,,
2026-08-04,245,232,219,218,243,244,239,255,274,276,264,253,245,232,225,6,7,9,9,16,20,24,24,21,18,25,28,33,34,38,247,233,224,222,254,239,241,257,286,285,,,,,
2026-08-05,228,215,215,244,250,250,271,291,284,265,247,243,226,214,212,5,6,8,13,17,19,21,18,17,21,24,28,34,36,32,229,218,216,254,241,239,264,295,278,272,,,,,
2026-08-06,211,210,241,249,256,270,289,293,276,253,241,226,215,220,218,4,5,9,15,13,15,16,15,20,21,24,27,30,35,35,213,211,244,251,262,281,301,296,283,265,,,,,
2026-08-07,212,241,251,263,273,285,299,295,274,255,231,224,221,216,215,4,7,17,11,14,13,12,15,22,26,28,28,33,35,39,212,242,255,267,284,290,300,310,290,286,,,,,
2026-08-08,245,246,258,268,277,290,297,282,260,244,236,237,241,245,238,4,16,10,12,12,12,12,21,29,31,29,33,35,40,41,247,248,253,271,279,293,298,303,292,263,,,,,
2026-08-09,273,271,279,290,302,302,273,248,228,227,236,241,239,232,225,9,9,9,8,8,12,26,30,23,26,28,33,35,43,44,276,279,268,289,303,311,267,225,202,209,,,,,
2026-08-10,269,282,291,304,305,264,247,235,224,230,235,233,226,220,217,6,6,6,6,10,22,21,24,23,26,31,34,31,32,38,270,283,293,308,300,234,246,198,179,177,,,,,
2026-08-11,285,292,305,301,255,234,222,217,221,218,213,206,205,206,204,5,5,5,13,28,28,24,24,25,33,32,31,30,33,30,285,292,306,299,243,234,206,229,242,229,,,,,
2026-08-12,295,306,299,246,228,225,218,214,213,212,206,206,209,210,203,4,4,12,24,21,23,24,25,26,31,33,30,33,33,31,294,309,306,219,216,217,213,197,185,183,,,,,
2026-08-13,301,302,269,231,224,226,231,231,215,204,201,201,197,197,197,4,7,20,20,19,23,22,30,30,27,28,31,31,28,26,304,304,275,231,227,233,228,235,236,209,,,,,
2026-08-14,304,288,258,245,246,243,229,226,216,209,204,206,201,194,192,4,10,20,16,15,27,31,30,28,28,28,31,32,30,28,305,290,269,260,253,275,245,216,210,201,,,,,
2026-08-15,282,253,244,240,234,217,200,204,210,205,205,204,199,198,197,9,14,8,8,21,26,20,23,33,34,36,35,30,27,28,284,263,251,250,242,213,194,194,214,239,,,,,
2026-08-16,260,247,239,233,205,190,185,186,193,204,196,185,181,186,189,11,5,7,18,17,15,18,23,25,23,25,27,28,26,27,262,251,239,236,214,193,187,192,154,177,,,,,
2026-08-17,253,240,245,216,191,192,195,191,196,196,185,183,182,184,182,6,7,11,14,17,15,23,25,20,29,24,24,23,27,22,254,241,249,218,202,202,197,189,189,194,,,,,
2026-08-18,244,244,215,199,201,205,197,195,194,185,177,179,181,178,178,5,7,9,11,17,23,28,23,24,25,19,20,21,21,21,244,246,220,200,201,198,170,177,196,176,,,,,
2026-08-19,242,212,193,195,208,190,197,211,185,174,181,186,188,183,180,5,7,8,12,22,28,19,24,25,20,19,21,24,25,19,243,210,196,202,173,178,182,202,225,210,,,,,
2026-08-20,214,191,191,213,224,217,228,201,181,187,192,189,186,185,186,5,10,8,11,22,17,25,22,17,14,17,17,21,23,25,215,193,192,216,225,226,252,226,186,192,,,,,
2026-08-21,189,186,207,219,222,230,209,184,188,196,191,183,184,187,188,7,5,6,20,14,18,22,15,16,17,17,17,20,23,24,189,188,210,219,214,234,205,182,191,187,,,,,
2026-08-22,186,207,210,213,226,201,181,187,193,200,194,190,190,189,188,4,6,16,15,18,22,16,11,14,19,19,20,23,26,26,187,204,209,208,217,198,179,190,191,209,,,,,
2026-08-23,209,208,210,222,198,179,186,200,194,179,176,182,189,184,179,5,15,12,14,15,13,11,14,16,15,16,21,26,26,29,210,201,195,219,200,174,182,187,182,155,,,,,
2026-08-24,211,210,224,214,188,189,200,192,181,181,187,192,192,192,194,10,11,13,17,12,10,12,12,15,18,20,25,32,33,34,210,204,220,218,186,188,195,195,189,170,,,,,
2026-08-25,207,234,218,192,197,203,195,189,193,192,195,204,204,203,206,11,10,11,12,10,14,11,15,18,21,27,31,29,30,31,204,230,215,188,201,206,197,190,189,193,,,,,
2026-08-26,231,216,190,198,209,195,183,184,189,203,215,222,221,214,213,6,11,9,9,14,8,9,14,19,25,29,33,36,36,35,234,216,196,201,207,201,186,182,192,226,,,,,
2026-08-27,219,192,206,200,197,187,189,198,215,226,224,221,209,197,191,10,9,8,10,7,11,12,18,19,22,29,29,34,34,39,223,196,208,199,194,186,183,206,215,267,,,,,
2026-08-28,190,206,199,197,191,191,198,213,230,217,205,205,201,195,189,8,8,10,7,10,13,15,17,23,33,32,40,39,42,38,186,207,204,194,191,195,201,218,247,213,,,,,
2026-08-29,204,198,195,184,191,203,223,241,228,215,211,211,212,208,202,7,9,7,9,9,10,14,23,28,32,36,38,41,41,40,212,204,201,182,191,207,229,252,243,250,,,,,
2026-08-30,199,194,182,191,204,222,230,237,225,212,207,201,200,197,195,7,7,8,8,9,12,23,26,26,26,31,38,39,36,36,203,198,180,192,204,228,241,270,227,187,,,,,
2026-08-31,196,182,188,203,227,234,248,242,226,205,196,193,189,187,186,5,6,6,6,9,20,23,26,36,43,40,39,33,37,35,200,181,186,205,230,239,270,256,230,211,,,,,
2026-09-01,189,200,209,232,236,259,232,200,175,171,176,179,185,186,181,7,5,7,8,14,18,18,29,26,26,27,30,32,31,31,187,199,209,235,247,253,221,212,176,165,,,,,
2026-09-02,196,210,233,227,251,233,200,171,163,175,181,180,177,176,175,6,6,7,12,19,17,28,28,24,26,26,26,25,29,28,197,212,234,233,251,223,219,158,144,168,,,,,
2026-09-03,212,235,221,241,240,207,179,174,182,181,173,169,172,174,174,4,6,10,13,15,22,21,23,24,25,23,26,29,30,32,212,236,223,243,236,211,179,174,187,186,,,,,
2026-09-04,236,220,240,231,193,168,162,175,174,168,169,172,173,170,173,5,6,12,9,21,15,15,20,21,25,29,29,29,29,31,239,222,229,225,198,177,165,157,141,149,,,,,
2026-09-05,219,235,230,180,166,164,173,167,170,179,183,181,173,171,171,5,11,9,18,12,17,20,21,25,27,27,29,25,29,32,220,237,232,169,164,157,178,160,157,172,,,,,
2026-09-06,234,231,197,162,155,167,171,177,185,190,179,173,174,179,179,6,7,17,10,11,16,15,17,19,22,25,31,30,33,36,233,232,203,159,152,151,175,173,166,182,,,,,
2026-09-07,231,204,163,160,170,178,186,195,198,189,187,187,193,191,180,6,10,8,9,13,13,14,14,17,28,33,33,34,34,35,232,210,163,158,175,181,192,196,183,161,,,,,
2026-09-08,199,162,163,173,184,192,205,216,186,182,185,188,187,183,178,9,6,8,12,11,11,13,20,27,30,29,30,30,33,36,204,166,164,184,199,199,213,207,159,153,,,,,
2026-09-09,162,164,180,189,197,207,217,182,172,183,194,200,198,184,178,6,6,8,8,8,10,14,17,20,30,29,34,37,34,31,159,157,180,191,199,212,225,195,193,198,,,,,
2026-09-10,159,175,183,195,208,215,167,162,166,177,174,171,168,167,167,6,6,6,7,11,17,13,17,22,33,31,30,31,32,35,158,175,185,197,211,223,153,160,175,185,,,,,
2026-09-11,175,186,196,210,220,175,170,169,175,177,181,175,168,167,166,5,5,5,6,11,14,15,19,27,28,29,32,38,42,41,177,188,197,207,218,172,171,174,170,168,,,,,
2026-09-12,183,197,210,227,179,168,169,175,177,180,178,170,170,175,173,4,5,5,8,12,13,16,20,24,29,34,34,35,39,41,182,197,210,227,189,172,175,179,186,192,,,,,
2026-09-13,194,210,225,177,165,167,174,178,178,186,184,185,184,181,183,4,4,6,9,9,12,15,20,24,27,32,35,36,35,31,196,211,227,185,164,171,185,160,139,141,,,,,
2026-09-14,212,227,176,164,162,173,182,182,189,193,185,180,172,170,173,3,4,8,8,9,13,18,21,26,30,37,38,37,36,37,211,227,183,166,165,174,183,195,212,228,,,,,
2026-09-15,228,177,170,167,177,185,181,188,192,198,198,192,186,187,187,4,8,8,10,13,17,21,25,25,29,30,33,34,36,35,229,179,174,171,187,191,190,203,208,236,,,,,
2026-09-16,176,176,166,173,176,168,177,186,193,192,192,184,177,175,176,5,7,7,7,18,20,20,22,28,27,27,35,35,35,34,176,176,169,174,185,156,157,160,185,204,,,,,
2026-09-17,175,170,174,184,182,186,192,199,204,198,197,187,183,178,168,5,6,5,7,15,16,21,22,26,33,36,36,35,35,34,176,174,175,184,185,176,174,189,208,223,,,,,
2026-09-18,168,173,186,190,193,200,196,202,204,205,195,195,191,184,181,4,3,6,12,11,16,21,25,28,32,37,41,42,39,39,172,174,188,190,194,206,206,227,218,247,,,,,
2026-09-19,170,184,184,187,196,180,183,187,208,210,208,205,195,186,177,3,4,8,7,12,17,20,24,24,29,28,34,34,35,33,170,186,183,189,200,165,173,194,220,219,,,,,
2026-09-20,180,177,178,187,184,192,189,204,200,203,210,195,187,179,175,4,5,4,7,18,24,22,25,32,29,30,34,34,34,34,181,177,177,185,166,202,180,208,217,224,,,,,
2026-09-21,177,178,181,182,181,190,206,187,192,194,182,178,171,166,159,3,3,5,14,18,18,25,30,32,32,35,37,34,36,35,177,179,182,188,189,205,228,215,226,227,,,,,
2026-09-22,174,177,185,191,186,202,194,202,195,182,171,166,161,154,155,3,4,9,17,20,20,28,29,33,35,33,31,30,36,35,174,179,189,193,191,194,171,213,192,163,,,,,
2026-09-23,183,186,189,179,198,196,219,192,164,156,155,153,152,151,153,3,7,9,13,16,23,23,32,31,29,26,27,28,30,30,183,185,190,182,184,175,206,177,138,122,,,,,
2026-09-24,178,190,174,204,206,224,214,181,172,169,166,160,156,155,148,5,6,9,12,19,13,22,20,23,26,29,27,29,31,31,179,190,177,210,211,217,224,170,159,152,,,,,
2026-09-25,187,169,211,203,222,214,174,154,158,159,146,141,140,143,145,4,8,10,16,12,21,18,16,21,26,28,30,26,27,28,186,170,214,208,227,207,172,151,165,142,,,,,
2026-09-26,169,204,210,225,211,171,164,165,162,154,148,148,143,142,140,6,9,13,11,18,16,18,20,22,24,25,26,27,27,31,170,204,214,228,204,169,150,168,169,172,,,,,
2026-09-27,207,211,221,217,177,167,166,162,153,143,140,140,139,138,139,5,10,13,15,13,16,18,20,24,25,25,24,26,29,29,209,208,217,209,182,173,162,159,163,168,,,,,
2026-09-28,204,220,206,174,171,176,172,161,158,150,143,141,137,135,135,9,11,12,10,14,16,18,22,25,26,26,24,30,34,35,207,228,199,177,180,192,181,172,180,163,,,,,
2026-09-29,222,212,167,161,170,171,166,165,158,142,137,136,132,129,128,9,10,8,11,13,18,21,22,25,31,33,33,35,34,33,231,214,168,165,183,182,172,182,144,125,,,,,
2026-10-03,179,186,184,183,163,115,107,120,124,122,126,133,129,123,122,7,7,10,13,13,16,14,22,22,26,28,30,26,26,28,182,189,190,188,164,119,105,96,115,118,,,,,
2026-10-04,189,189,188,169,116,108,127,129,133,145,139,133,132,131,127,6,5,8,9,11,12,20,22,25,28,26,29,32,33,30,191,190,193,166,117,109,141,150,159,166,,,,,
2026-10-05,187,191,167,117,109,131,126,131,141,137,134,126,121,121,116,4,5,8,10,13,19,20,28,32,29,26,26,29,32,28,187,189,170,114,96,129,140,157,171,174,,,,,
2026-10-06,190,165,113,114,135,121,135,153,150,141,135,129,125,122,118,5,7,9,15,12,16,28,28,26,27,27,28,27,29,27,190,165,116,117,136,118,128,167,167,155,,,,,
2026-10-07,170,112,114,131,113,119,140,145,127,119,118,116,116,111,114,4,6,9,9,10,19,26,25,22,26,27,26,28,32,37,169,115,116,131,116,110,132,147,120,115,,,,,
2026-10-08,116,115,134,118,131,150,158,147,130,129,125,121,120,115,113,4,7,6,11,21,23,21,25,26,32,31,30,32,30,31,116,115,134,121,129,149,168,172,118,98,,,,,
