init_date,em_d01,em_d02,em_d03,em_d04,em_d05,em_d06,em_d07,em_d08,em_d09,em_d10,em_d11,em_d12,em_d13,em_d14,em_d15,es_d01,es_d02,es_d03,es_d04,es_d05,es_d06,es_d07,es_d08,es_d09,es_d10,es_d11,es_d12,es_d13,es_d14,es_d15,hres_d01,hres_d02,hres_d03,hres_d04,hres_d05,hres_d06,hres_d07,hres_d08,hres_d09,hres_d10,hres_d11,hres_d12,hres_d13,hres_d14,hres_d15
2026-07-17,213,166,134,155,168,159,169,165,162,164,170,172,174,176,175,5,11,12,7,8,10,12,12,16,19,18,20,22,22,23,214,160,125,152,165,146,163,164,157,149,,,,,
2026-07-14,212,232,235,212,169,157,159,165,169,173,175,174,175,174,176,5,6,8,10,20,14,18,19,19,22,24,25,24,20,23,213,234,236,216,163,154,165,166,180,161,,,,,
2026-07-15,228,228,216,163,142,151,164,167,170,171,172,171,165,167,168,4,7,7,12,20,16,14,16,18,21,21,26,26,20,23,231,226,220,169,142,146,165,176,170,164,,,,,
2026-07-16,228,214,159,130,151,165,166,171,169,166,169,169,168,169,168,4,5,11,17,13,9,11,13,16,16,20,19,20,20,22,227,214,160,123,156,171,165,171,160,155,,,,,
2026-07-18,165,137,158,171,153,158,162,157,164,172,172,172,169,169,169,7,8,5,6,10,12,10,11,17,21,19,22,21,22,23,162,136,159,173,158,149,163,158,162,188,,,,,
2026-07-19,135,160,174,156,159,163,159,166,172,170,165,166,169,171,174,6,3,6,9,11,11,12,19,21,19,18,23,24,25,26,136,161,174,154,159,167,149,155,188,161,,,,,
2026-07-20,158,176,157,159,164,159,167,165,161,160,160,165,172,183,180,3,5,8,7,8,13,19,19,16,17,18,23,25,27,26,157,179,154,157,170,171,171,173,150,150,,,,,
2026-07-21,176,155,160,163,155,155,156,152,152,147,146,154,161,165,165,3,8,7,6,10,14,12,12,14,13,15,19,24,21,21,177,155,163,166,159,154,155,168,187,166,,,,,
2026-07-22,153,164,163,152,153,153,156,164,163,155,159,168,166,169,170,5,5,5,9,11,9,11,17,23,19,21,23,22,24,24,152,165,165,155,154,165,165,185,201,215,,,,,
2026-07-23,161,162,156,145,152,159,167,173,173,180,185,180,171,166,165,3,4,6,5,7,9,15,23,27,30,32,31,26,23,21,161,162,155,144,156,163,179,198,171,188,,,,,
2026-07-24,163,151,146,156,161,178,182,171,172,177,171,168,166,161,161,4,6,5,6,8,13,26,27,27,29,26,20,21,18,19,161,148,145,155,166,175,204,165,158,189,,,,,
2026-07-25,146,147,151,158,180,186,165,162,160,160,160,159,157,152,151,4,4,4,6,13,27,22,23,22,26,22,20,19,17,18,145,146,150,161,186,176,164,150,153,148,,,,,
2026-07-26,146,153,159,188,214,165,155,159,167,170,169,163,157,155,154,4,4,5,9,15,13,8,13,21,24,25,20,21,20,19,148,154,163,196,225,168,154,162,154,158,,,,,
2026-07-27,153,157,190,212,158,152,157,167,177,173,158,152,153,152,157,3,5,5,14,8,9,13,18,24,23,14,15,13,15,18,155,156,193,215,159,149,158,179,205,170,,,,,
2026-07-28,161,194,211,154,151,152,162,172,167,155,151,150,151,154,155,3,5,12,7,5,7,16,23,21,16,17,15,17,15,18,161,196,218,154,153,156,187,182,156,144,,,,,
2026-07-29,196,217,154,153,150,154,166,157,148,149,150,153,155,158,156,4,8,4,4,6,12,20,15,14,13,17,19,17,16,17,197,221,155,154,148,147,149,144,142,140,,,,,
2026-07-30,218,154,152,150,151,166,162,151,152,152,153,156,160,161,160,5,4,4,5,9,18,18,15,15,18,16,19,19,20,19,220,155,153,152,154,170,156,145,161,149,,,,,
2026-07-31,153,152,149,151,172,177,166,162,158,156,160,167,167,167,165,4,4,5,7,18,18,17,19,16,16,21,21,20,19,17,154,154,151,150,166,179,176,150,157,139,,,,,
2026-08-01,151,148,148,169,180,161,152,152,154,154,158,163,167,166,162,3,5,7,18,15,12,11,15,17,17,16,17,18,18,16,151,149,150,149,191,162,161,157,155,162,,,,,
2026-08-02,149,149,179,188,163,152,148,151,155,160,162,164,163,163,164,4,6,14,9,9,10,10,14,16,20,20,22,24,21,20,148,146,177,193,165,148,153,151,162,171,,,,,
2026-08-03,147,183,189,164,151,150,160,159,155,155,158,157,156,158,160,5,10,10,7,10,9,14,18,18,20,22,20,18,18,20,145,186,195,162,152,154,187,156,140,149,,,,,
2026-08-04,183,181,161,156,153,171,153,150,160,174,168,165,166,162,158,7,9,6,9,7,12,11,14,20,21,20,17,20,19,15,188,180,162,162,149,178,153,145,147,185,,,,,
2026-08-05,177,161,153,157,178,154,148,157,175,163,160,158,158,158,157,5,5,7,5,11,11,9,19,20,14,16,18,18,21,24,176,163,153,159,188,148,148,149,179,170,,,,,
2026-08-06,162,153,159,184,150,145,148,167,177,169,162,160,158,157,159,4,5,4,7,10,9,10,16,16,15,12,15,17,15,19,162,154,159,186,155,148,148,173,179,163,,,,,
2026-08-07,154,160,181,148,148,151,167,180,169,166,163,161,162,161,156,7,3,6,6,7,7,12,11,12,14,17,17,20,23,22,155,162,182,151,150,150,162,181,173,166,,,,,
2026-08-08,158,180,150,149,152,170,186,176,165,159,155,158,160,158,159,3,4,6,6,8,9,12,15,14,17,18,17,17,19,22,159,184,152,151,156,171,187,177,167,151,,,,,
2026-08-09,182,150,149,154,171,190,171,161,153,149,153,154,156,153,152,3,4,4,7,6,10,13,10,11,15,14,15,18,21,22,182,151,149,157,171,198,179,159,143,141,,,,,
2026-08-10,148,148,154,170,194,185,161,155,152,153,153,152,150,150,147,3,4,6,5,9,15,7,11,12,14,15,14,16,18,18,147,147,152,169,199,178,158,154,150,144,,,,,
2026-08-11,148,154,169,199,183,162,155,151,152,149,147,143,144,144,143,3,5,4,6,11,8,11,13,14,15,15,17,18,20,21,147,153,169,200,204,160,168,161,151,136,,,,,
2026-08-12,154,169,200,176,159,151,147,147,145,145,143,143,142,143,146,3,4,4,9,5,9,12,12,12,11,15,16,14,18,18,154,170,201,179,163,146,132,147,155,143,,,,,
2026-08-13,168,200,174,160,149,144,146,146,145,143,141,142,143,141,141,4,5,7,5,10,12,11,11,12,13,14,16,18,18,18,169,203,176,160,152,147,145,145,158,157,,,,,
2026-08-14,202,171,160,150,144,146,146,147,147,148,146,146,147,142,141,4,4,5,8,11,12,12,12,14,16,17,17,20,20,20,203,173,159,157,150,152,149,156,145,139,,,,,
2026-08-15,174,161,145,143,140,146,145,142,138,138,139,142,144,145,147,4,5,8,8,11,11,14,13,12,15,17,16,18,20,21,175,163,143,146,136,152,146,140,121,127,,,,,
2026-08-16,161,147,144,138,145,149,145,142,145,148,153,152,150,146,142,4,7,6,11,9,13,11,11,12,14,16,17,19,17,17,162,150,144,125,137,167,151,149,150,153,,,,,
2026-08-17,149,141,135,137,144,143,141,144,149,153,152,150,147,142,138,5,5,10,8,10,9,10,13,15,15,15,17,18,17,16,150,141,134,135,141,141,136,141,139,137,,,,,
2026-08-18,138,137,139,142,139,142,148,154,156,152,151,145,141,139,135,3,7,7,7,9,11,11,13,14,16,16,16,17,16,15,138,137,144,144,133,127,136,152,155,160,,,,,
2026-08-19,127,141,143,138,142,147,155,163,166,162,155,150,145,145,139,6,6,5,7,9,8,11,12,14,19,19,17,18,19,18,125,145,143,136,148,150,162,171,173,171,,,,,
2026-08-20,136,144,141,144,151,160,169,180,176,160,155,153,149,145,142,5,4,8,6,6,8,8,16,19,15,16,17,17,15,16,138,144,133,143,156,170,173,206,211,175,,,,,
2026-08-21,142,145,145,150,157,167,170,169,155,150,147,143,140,139,137,3,7,6,6,8,6,11,16,15,13,14,15,13,14,16,142,149,146,149,160,171,180,182,170,158,,,,,
2026-08-22,146,148,152,161,168,169,168,159,152,150,146,145,142,144,144,3,4,6,7,6,9,14,13,13,12,13,14,14,17,18,147,150,152,162,166,169,168,163,158,153,,,,,
2026-08-23,147,150,160,168,167,169,159,152,149,144,140,139,138,139,135,5,4,6,6,8,14,11,10,11,12,14,15,16,18,19,148,150,162,168,167,170,172,149,139,141,,,,,
2026-08-24,146,162,168,166,165,157,154,152,142,140,141,139,136,132,130,3,5,5,7,14,10,9,10,12,13,14,15,13,16,20,147,162,168,164,166,152,156,142,148,144,,,,,
2026-08-25,156,171,165,159,159,159,151,146,146,141,138,137,138,136,132,5,4,5,11,9,8,8,9,12,14,15,16,18,18,18,155,171,162,150,160,153,144,149,158,148,,,,,
2026-08-26,171,163,157,159,159,151,145,141,141,140,135,132,133,135,134,3,4,9,7,7,8,9,12,16,20,18,19,24,25,21,171,163,157,163,165,151,141,130,145,144,,,,,
2026-08-27,165,157,160,157,151,146,135,135,138,134,131,129,124,125,122,3,7,7,7,7,8,12,13,14,15,15,20,18,20,19,168,160,162,162,148,149,122,131,138,140,,,,,
2026-08-28,159,160,155,152,151,143,137,138,137,130,124,124,127,126,125,6,6,7,6,6,10,13,13,13,13,14,18,19,20,19,160,159,157,150,151,137,138,147,146,134,,,,,
2026-08-29,158,155,151,150,138,139,138,138,133,125,123,126,128,128,124,4,5,6,6,11,11,12,13,16,16,21,23,25,24,24,157,156,153,154,138,130,137,143,137,127,,,,,
2026-08-30,152,153,152,142,136,138,138,134,130,128,130,131,127,126,132,4,5,6,9,12,12,9,12,14,17,19,20,18,21,25,149,154,156,141,125,134,141,136,135,120,,,,,
2026-08-31,153,153,143,132,135,138,137,140,139,136,132,128,129,128,127,4,6,5,11,13,11,9,16,17,18,19,18,22,20,20,151,146,145,121,122,143,140,120,123,152,,,,,
2026-09-01,150,143,129,131,137,139,141,131,122,118,113,113,115,116,123,4,4,10,10,10,8,14,13,16,16,18,19,20,23,22,149,144,130,133,143,143,132,123,108,107,,,,,
2026-09-02,144,135,132,133,140,149,134,125,116,117,120,122,121,121,119,3,9,8,8,8,10,12,15,17,17,18,21,21,20,22,146,136,134,127,142,147,137,132,143,131,,,,,
2026-09-03,136,136,131,141,155,136,122,117,117,120,121,118,118,120,120,6,5,8,6,9,10,15,16,14,15,15,16,18,21,19,134,137,126,141,156,146,123,114,131,118,,,,,
2026-09-04,135,125,140,157,136,122,120,124,125,123,122,121,119,119,117,4,7,5,7,8,10,11,11,13,13,15,19,18,19,20,139,126,138,159,140,121,114,123,120,122,,,,,
2026-09-05,125,141,156,137,119,120,123,125,125,128,126,121,121,119,117,4,4,6,7,7,10,12,13,16,16,18,19,21,18,18,127,142,158,137,125,115,115,120,123,111,,,,,
2026-09-06,139,157,138,121,117,125,131,129,134,134,129,125,127,127,125,3,5,8,10,11,11,11,13,17,17,20,20,24,27,26,138,158,144,127,116,131,141,136,139,143,,,,,
2026-09-07,160,137,123,119,130,135,134,139,140,128,121,122,122,124,119,4,7,9,10,12,10,13,15,14,15,17,21,23,21,22,162,137,127,117,133,143,142,152,151,133,,,,,
2026-09-08,143,121,115,133,138,140,140,142,128,124,122,125,125,125,122,4,7,9,8,8,11,15,15,17,18,18,20,23,21,22,144,113,108,132,144,147,150,151,121,109,,,,,
2026-09-09,119,112,134,140,139,135,142,128,119,121,123,123,124,122,122,6,5,7,6,11,13,11,11,16,18,20,20,21,21,22,120,109,129,145,139,124,136,132,137,126,,,,,
2026-09-10,109,130,140,136,134,142,127,119,119,121,123,121,121,119,116,4,6,6,10,12,12,9,13,14,17,22,24,22,23,27,107,128,142,138,135,143,131,123,130,133,,,,,
2026-09-11,132,143,133,130,138,129,123,122,117,120,121,113,109,111,112,5,4,7,9,10,8,11,11,13,19,18,19,19,21,23,134,142,129,129,131,131,115,113,113,108,,,,,
2026-09-12,143,133,130,145,132,124,122,126,125,121,118,110,114,117,114,3,8,10,11,8,8,10,12,12,17,20,22,23,24,25,144,130,134,146,133,125,119,128,127,124,,,,,
2026-09-13,133,131,145,131,123,122,126,123,122,128,124,118,116,116,111,5,8,8,5,7,8,12,12,16,20,22,26,25,25,25,134,137,147,133,126,127,119,120,105,109,,,,,
2026-09-14,126,147,131,124,122,128,123,121,122,119,120,115,111,110,110,5,6,4,6,8,10,11,16,20,21,21,22,23,24,25,125,148,128,122,123,128,119,111,121,151,,,,,
2026-09-15,144,132,126,122,133,124,121,121,124,121,119,113,114,112,112,4,4,5,8,8,11,12,20,20,23,25,27,28,27,28,146,132,129,121,136,122,120,117,123,122,,,,,
2026-09-16,133,127,121,139,123,121,121,124,121,121,121,118,114,113,111,3,4,6,8,8,9,19,18,20,21,22,25,27,27,26,134,129,124,140,124,122,111,104,144,133,,,,,
2026-09-17,125,122,141,125,122,117,124,120,121,122,121,119,122,122,119,3,5,7,7,7,17,20,17,18,19,19,21,23,25,25,127,125,143,126,122,103,100,93,120,127,,,,,
2026-09-18,124,139,125,120,108,122,117,120,123,121,128,125,125,122,122,5,5,7,7,13,18,15,17,14,17,26,23,25,24,25,122,138,129,116,104,122,105,117,126,120,,,,,
2026-09-19,139,126,122,113,121,117,119,120,124,131,131,132,133,128,118,4,7,5,13,17,16,15,13,14,18,19,20,22,21,22,139,129,123,109,119,112,126,124,123,139,,,,,
2026-09-20,124,119,111,133,124,122,125,125,130,126,133,133,121,116,113,6,4,7,10,16,16,14,15,21,20,24,26,25,25,24,128,120,108,131,134,135,118,132,135,147,,,,,
2026-09-21,121,110,126,123,119,122,128,134,129,137,137,128,120,115,106,3,4,9,13,14,13,14,17,19,20,21,22,21,22,21,120,111,126,120,118,120,141,152,125,155,,,,,
2026-09-22,107,128,118,121,121,126,136,137,146,136,125,117,110,107,101,4,6,10,13,11,14,18,20,20,22,21,23,21,21,27,107,126,123,124,119,130,150,121,158,135,,,,,
2026-09-23,135,132,134,124,125,134,143,150,138,131,126,122,117,113,110,4,7,8,9,11,13,18,16,16,16,18,18,19,21,24,136,132,135,122,121,133,146,172,154,140,,,,,
2026-09-24,134,136,128,125,137,139,148,142,134,129,123,116,115,112,108,5,5,6,9,11,16,16,14,14,15,18,19,19,20,23,134,138,125,127,132,144,145,140,141,137,,,,,
2026-09-25,135,126,127,141,140,152,143,133,123,119,111,108,109,109,106,4,4,7,11,17,11,11,13,15,16,19,20,22,21,21,136,127,129,136,151,145,136,130,123,119,,,,,
2026-09-26,127,130,136,129,149,145,130,122,114,108,105,106,101,98,100,4,5,10,14,10,8,13,14,16,18,20,20,21,25,28,127,129,143,125,156,147,128,125,123,132,,,,,
