init_date,em_d01,em_d02,em_d03,em_d04,em_d05,em_d06,em_d07,em_d08,em_d09,em_d10,em_d11,em_d12,em_d13,em_d14,em_d15,es_d01,es_d02,es_d03,es_d04,es_d05,es_d06,es_d07,es_d08,es_d09,es_d10,es_d11,es_d12,es_d13,es_d14,es_d15,hres_d01,hres_d02,hres_d03,hres_d04,hres_d05,hres_d06,hres_d07,hres_d08,hres_d09,hres_d10,hres_d11,hres_d12,hres_d13,hres_d14,hres_d15
2026-07-17,232,255,236,217,192,198,205,204,202,208,211,215,216,216,222,4,8,14,17,14,13,15,21,19,18,21,26,28,28,31,231,257,244,222,192,187,194,191,210,203,,,,,
2026-07-14,269,259,240,242,258,245,215,200,201,206,216,219,222,215,213,12,9,15,7,15,25,25,21,16,16,22,24,31,29,26,273,262,248,245,267,263,247,214,196,200,,,,,
2026-07-15,258,237,244,256,241,220,204,204,212,214,214,218,224,222,217,7,11,7,13,20,24,18,19,17,19,22,25,26,28,27,259,243,246,242,246,224,197,188,215,219,,,,,
2026-07-16,228,237,256,244,226,202,195,202,204,208,214,222,222,221,217,7,7,11,17,19,15,14,14,16,18,22,23,27,28,30,230,237,259,241,248,218,186,184,192,194,,,,,
2026-07-18,255,239,207,192,196,207,210,203,205,216,223,226,228,231,229,7,14,15,12,15,14,15,15,14,16,16,20,22,23,28,260,240,211,190,179,200,210,195,198,217,,,,,
2026-07-19,243,216,192,187,196,205,209,208,217,225,227,226,230,232,228,10,11,12,14,13,15,15,15,15,17,21,21,23,29,28,247,212,195,200,188,217,216,215,221,239,,,,,
2026-07-20,221,186,185,197,206,206,211,213,219,224,227,227,230,235,237,7,11,11,12,14,12,13,17,18,18,19,21,22,25,27,224,185,182,208,214,203,210,223,234,249,,,,,
2026-07-21,185,180,201,211,209,219,228,233,233,237,237,239,234,231,226,11,10,8,8,13,11,13,16,17,17,21,21,23,23,28,187,181,206,210,200,216,229,250,240,240,,,,,
2026-07-22,187,201,207,210,215,229,237,237,239,240,238,233,234,225,220,8,8,10,11,10,8,13,16,20,22,22,25,22,28,26,185,201,200,203,209,227,246,243,228,225,,,,,
2026-07-23,193,204,210,216,227,236,236,242,251,252,245,229,213,214,212,9,8,8,10,7,10,15,16,20,23,22,24,27,25,31,195,209,216,221,228,229,240,247,248,249,,,,,
2026-07-24,206,201,211,226,231,239,246,255,243,224,215,213,201,200,210,8,6,7,6,11,12,13,19,23,25,24,27,35,36,41,207,199,210,226,243,243,267,274,264,236,,,,,
2026-07-25,197,216,228,237,243,249,256,239,223,210,207,210,211,215,212,5,5,8,12,12,12,17,19,22,22,26,28,33,36,39,198,216,230,230,247,260,266,251,242,204,,,,,
2026-07-26,212,231,235,236,250,262,242,233,217,211,203,203,202,199,200,5,6,11,12,12,15,20,16,18,20,28,31,35,39,39,213,232,240,231,250,269,245,232,205,203,,,,,
2026-07-27,237,234,236,249,264,245,235,215,209,209,205,199,189,198,203,5,10,9,10,11,17,14,19,17,24,31,29,33,33,34,239,238,236,250,266,254,237,220,217,200,,,,,
2026-07-28,241,242,260,275,255,236,222,209,202,195,195,201,206,215,217,6,6,7,8,15,14,22,24,24,25,29,30,32,36,31,243,246,263,281,246,246,217,187,209,203,,,,,
2026-07-29,242,259,274,257,242,232,215,205,195,200,218,225,219,205,201,5,6,6,14,11,18,23,18,21,21,26,25,32,34,36,243,260,275,262,255,246,222,203,178,171,,,,,
2026-07-30,258,275,252,241,237,220,202,196,204,219,229,218,214,217,213,7,5,12,12,13,17,17,19,23,30,33,38,38,32,35,262,276,260,245,216,222,199,187,191,223,,,,,
2026-07-31,274,249,230,236,220,207,197,201,205,211,202,194,198,199,198,4,13,10,8,15,15,13,19,30,41,45,44,41,37,34,272,251,233,238,226,234,204,208,236,244,,,,,
2026-08-01,246,231,234,225,205,200,207,210,228,243,248,233,223,210,208,14,10,10,15,15,12,15,27,31,27,25,32,39,35,33,252,239,241,247,214,207,202,207,232,245,,,,,
2026-08-02,239,233,217,206,209,202,207,230,245,246,238,220,213,207,199,6,10,13,12,9,18,20,21,21,26,33,40,42,43,40,241,236,218,208,218,214,226,247,261,257,,,,,
2026-08-03,235,220,194,207,195,201,228,245,251,245,235,224,222,212,208,8,10,11,8,15,18,16,15,21,28,36,32,37,39,36,235,217,201,212,184,191,226,258,266,272,,,,,
2026-08-04,219,197,204,191,199,231,250,261,241,219,207,202,191,196,200,11,11,9,12,16,15,11,14,38,44,44,33,32,35,33,222,199,207,196,196,230,255,262,275,274,,,,,
2026-08-05,195,201,189,195,230,252,247,215,211,214,215,198,195,201,199,8,7,9,11,11,10,22,35,35,30,33,37,33,31,30,194,201,189,199,233,249,260,208,211,223,,,,,
2026-08-06,202,186,191,230,253,234,206,206,223,230,211,203,198,188,185,5,7,7,9,9,26,30,27,28,27,30,30,27,25,30,202,186,189,229,252,254,195,202,239,277,,,,,
2026-08-07,183,196,236,258,243,210,216,229,238,206,188,183,184,184,186,6,5,5,7,22,22,21,24,23,34,29,27,30,25,27,183,195,238,259,258,201,201,215,228,177,,,,,
2026-08-08,199,241,260,253,203,207,216,226,202,184,178,180,189,195,200,4,4,6,15,17,17,19,20,27,27,27,29,29,30,30,198,241,265,262,211,221,224,238,206,203,,,,,
2026-08-09,246,265,246,202,219,228,235,214,191,176,171,178,185,194,201,4,5,15,7,9,13,18,22,22,23,20,18,19,22,28,246,263,250,201,223,236,260,221,191,184,,,,,
2026-08-10,269,241,201,220,239,240,198,176,161,163,176,185,189,187,187,5,15,6,8,12,15,20,25,21,18,20,26,28,27,28,269,245,202,218,243,239,204,189,163,165,,,,,
2026-08-11,243,204,222,230,247,197,172,157,166,185,197,201,204,204,197,9,4,8,12,14,20,24,20,19,21,23,26,31,34,32,248,204,228,229,257,197,166,156,176,199,,,,,
2026-08-12,199,219,224,241,190,167,152,162,176,186,188,191,192,194,198,4,6,11,13,21,17,17,19,23,26,25,28,30,29,34,200,221,226,247,199,167,164,151,159,183,,,,,
2026-08-13,215,227,237,183,163,152,159,172,186,199,194,189,187,183,187,5,6,12,13,17,18,16,15,19,24,29,30,29,28,32,219,225,242,181,164,162,163,180,200,198,,,,,
2026-08-14,230,239,184,164,163,169,174,187,197,198,188,181,180,179,177,5,9,13,14,16,17,15,16,24,26,28,30,28,31,36,232,246,194,164,166,186,191,208,211,206,,,,,
2026-08-15,239,188,166,161,170,175,184,194,194,193,197,200,201,196,188,8,13,9,15,12,11,11,15,23,28,30,34,40,38,41,236,194,162,164,174,179,188,209,188,210,,,,,
2026-08-16,181,170,156,172,172,181,195,188,193,200,199,201,201,193,182,9,8,13,12,9,10,14,21,26,26,35,40,40,43,49,183,173,166,172,164,182,184,190,233,183,,,,,
2026-08-17,164,166,165,165,177,192,169,177,194,193,192,196,193,186,178,6,9,12,10,9,14,22,19,23,28,35,37,39,39,36,167,168,170,176,183,202,153,169,190,190,,,,,
2026-08-18,158,157,155,172,186,177,190,200,208,183,175,174,169,161,164,8,12,9,7,11,17,19,26,32,36,37,44,40,41,41,166,156,157,172,184,161,196,175,178,223,,,,,
2026-08-19,160,154,167,183,164,182,200,212,191,170,166,163,149,149,149,10,7,6,9,14,15,18,23,28,27,38,42,43,46,43,163,158,172,186,158,190,226,226,171,153,,,,,
2026-08-20,147,166,186,165,179,188,203,210,187,165,153,149,146,148,153,5,5,7,16,10,13,19,20,30,34,35,38,42,36,32,150,163,189,166,182,188,198,225,200,136,,,,,
2026-08-21,167,190,152,163,172,186,205,197,167,146,126,120,126,136,143,4,8,9,11,9,10,13,23,36,41,35,28,29,31,32,168,192,158,160,177,187,215,189,156,119,,,,,
2026-08-22,190,146,170,178,198,212,173,143,120,106,116,130,138,140,143,7,8,9,6,8,13,20,27,26,22,26,33,32,29,31,188,145,168,179,200,218,178,140,107,100,,,,,
2026-08-23,146,170,178,199,214,175,128,104,105,120,136,145,151,155,159,6,7,4,7,11,15,24,16,17,23,26,25,27,29,32,148,173,179,200,218,167,105,96,99,104,,,,,
2026-08-24,170,176,197,209,167,121,104,101,121,138,144,146,155,161,161,5,5,6,13,13,15,17,18,23,26,27,33,32,36,36,172,176,200,214,172,129,98,98,100,110,,,,,
2026-08-25,176,201,203,163,122,108,96,107,124,135,146,145,146,150,150,3,4,13,12,11,16,14,21,27,27,30,33,34,36,40,177,202,203,167,130,102,96,103,120,132,,,,,
2026-08-26,211,199,167,132,93,91,96,109,127,144,157,164,166,164,169,4,11,12,13,13,11,16,21,29,30,27,26,27,29,32,212,201,172,127,93,86,84,85,111,163,,,,,
2026-08-27,196,163,137,101,91,98,109,125,147,155,164,168,170,170,167,8,11,11,14,12,18,23,25,28,26,24,26,26,28,31,202,167,146,106,100,100,90,115,161,179,,,,,
2026-08-28,157,136,96,97,90,97,121,144,159,167,175,178,180,176,172,9,9,10,9,19,19,22,23,22,20,22,25,27,26,29,162,140,91,91,91,89,109,155,156,168,,,,,
2026-08-29,136,100,96,86,102,132,157,171,177,180,178,169,167,165,172,6,8,7,16,18,19,18,13,14,17,22,31,31,33,37,137,100,94,77,94,130,155,173,181,186,,,,,
2026-08-30,99,95,75,101,135,162,177,184,192,180,165,159,156,162,162,7,6,9,10,12,12,11,11,15,24,23,29,34,32,34,99,93,73,98,128,164,178,188,197,200,,,,,
2026-08-31,97,73,106,144,164,175,179,190,188,171,169,161,158,155,151,4,7,11,10,14,12,10,14,19,26,29,31,31,34,29,95,75,102,144,164,174,180,187,208,140,,,,,
2026-09-01,79,110,138,162,174,182,188,187,163,148,144,154,162,165,155,5,9,8,7,8,7,11,17,23,21,22,26,30,33,34,78,109,143,164,177,185,182,180,161,158,,,,,
2026-09-02,102,131,158,172,180,182,182,180,169,163,158,157,151,149,143,5,8,5,6,6,6,11,16,23,28,29,33,34,41,42,100,138,159,173,187,177,182,192,159,146,,,,,
2026-09-03,132,158,175,181,185,187,198,168,155,155,156,152,156,143,140,6,4,5,6,5,7,14,24,21,27,31,34,33,33,35,135,160,177,188,186,186,212,178,143,138,,,,,
2026-09-04,165,180,186,192,191,204,181,160,157,155,160,158,156,157,159,3,5,5,4,5,11,22,27,24,27,29,35,35,39,38,167,180,188,193,193,206,172,144,164,174,,,,,
2026-09-05,181,190,194,190,208,197,173,159,154,152,153,155,158,160,152,5,6,4,4,10,20,32,32,25,22,27,31,32,33,31,181,192,196,193,210,198,198,178,139,155,,,,,
2026-09-06,195,200,191,212,205,192,166,152,153,150,153,148,147,145,147,7,4,4,8,15,30,32,22,24,24,30,32,32,32,32,199,201,191,211,216,203,181,157,142,157,,,,,
2026-09-07,205,193,216,209,219,172,148,150,149,148,147,144,148,154,148,3,3,7,11,18,27,22,20,21,21,26,27,27,31,30,206,193,218,214,225,217,141,143,154,145,,,,,
2026-09-08,195,215,213,223,161,150,147,145,151,154,148,152,146,147,145,3,5,13,13,19,19,16,18,17,22,29,35,38,37,31,195,219,217,223,164,151,148,142,147,140,,,,,
2026-09-09,218,220,226,157,149,151,148,156,149,144,150,157,161,152,139,7,10,9,13,17,15,12,17,26,30,31,26,26,29,33,219,217,231,156,148,142,147,152,156,157,,,,,
2026-09-10,207,230,164,147,149,145,147,151,146,142,139,135,134,138,131,10,8,15,16,13,15,13,19,24,24,21,22,28,28,30,210,225,165,143,147,143,148,127,132,117,,,,,
2026-09-11,235,174,152,150,140,145,160,162,162,161,156,147,144,138,137,6,10,12,10,12,10,17,23,28,27,28,28,28,28,30,237,178,152,146,132,136,147,170,189,184,,,,,
2026-09-12,173,155,151,142,147,167,176,176,162,148,140,137,131,134,133,8,8,7,10,10,15,19,24,24,23,25,26,27,30,30,176,162,153,144,144,157,179,195,180,153,,,,,
2026-09-13,156,150,141,148,175,173,155,146,143,137,140,145,143,135,128,6,7,10,10,15,22,28,24,21,23,26,27,30,33,39,157,153,150,148,180,188,191,166,161,151,,,,,
2026-09-14,142,139,144,177,162,137,139,138,138,138,134,134,125,119,113,6,8,8,10,18,19,14,17,18,26,29,34,34,40,37,144,135,147,180,176,126,140,142,141,170,,,,,
2026-09-15,135,141,184,169,157,153,150,150,145,146,145,129,129,132,126,6,6,7,15,23,18,13,14,18,22,26,32,31,35,36,138,142,186,174,166,156,144,143,141,134,,,,,
2026-09-16,136,182,168,149,151,149,141,136,132,128,125,127,126,116,112,5,5,14,14,12,11,16,17,19,26,35,36,34,35,34,136,181,166,139,143,144,141,139,133,119,,,,,
2026-09-17,176,169,141,145,149,148,145,146,137,129,127,124,117,117,118,6,8,11,7,6,9,11,12,19,31,33,37,32,36,39,177,167,142,152,151,150,142,140,137,94,,,,,
2026-09-18,170,144,146,153,147,143,137,132,124,124,129,128,123,122,106,7,7,6,6,9,10,14,18,23,28,26,26,27,30,34,175,143,147,160,150,139,133,134,100,88,,,,,
2026-09-19,138,144,151,140,138,139,122,109,106,110,112,117,114,106,89,5,4,5,7,8,11,23,24,23,26,25,27,28,34,37,141,146,155,142,143,145,109,97,104,121,,,,,
2026-09-20,143,149,137,135,140,122,105,106,108,114,113,106,103,93,88,3,5,5,10,8,18,22,24,25,24,23,27,29,33,36,144,149,140,141,140,136,114,95,96,93,,,,,
2026-09-21,152,138,125,136,111,91,91,94,103,105,103,99,96,92,81,4,5,8,8,17,17,17,19,19,17,20,28,32,40,38,151,139,126,133,108,96,80,67,81,94,,,,,
2026-09-22,136,117,137,105,82,89,90,97,100,95,90,85,83,81,83,4,8,7,13,12,11,16,17,20,22,25,29,33,30,32,136,113,138,105,73,95,94,112,119,121,,,,,
2026-09-23,122,144,104,83,96,99,114,104,93,87,82,77,72,68,73,5,6,13,9,10,17,17,17,20,24,26,29,30,30,30,120,144,106,83,99,105,120,128,109,105,,,,,
2026-09-24,145,103,86,92,83,101,113,100,93,75,64,69,70,71,67,5,10,9,7,11,14,13,16,19,36,33,34,34,37,37,144,103,91,93,83,103,122,123,115,57,,,,,
2026-09-25,100,83,88,78,98,116,101,94,72,67,71,72,69,70,67,8,5,5,7,12,12,15,21,34,36,34,37,38,39,37,95,85,88,78,99,116,117,59,11,37,,,,,
2026-09-26,76,87,78,105,119,101,103,75,60,64,66,70,70,65,67,4,4,6,10,8,13,18,37,35,33,30,29,31,32,31,75,90,78,106,120,100,109,86,26,42,,,,,
2026-09-27,84,81,102,112,91,97,91,76,74,83,86,81,72,75,69,4,3,6,6,12,13,23,29,28,27,23,29,37,36,37,86,81,103,111,96,91,87,34,71,71,,,,,
2026-09-28,80,99,114,94,109,116,97,63,58,67,71,75,76,80,71,2,4,6,12,15,22,37,29,23,25,22,27,28,30,33,81,100,116,100,118,128,128,62,48,78,,,,,
2026-09-29,103,121,102,119,108,71,43,46,58,72,74,76,79,74,70,3,4,11,13,22,34,27,19,18,18,16,24,25,29,30,104,122,96,132,121,67,49,58,64,77,,,,,
2026-10-03,115,67,27,26,69,67,59,76,79,67,64,66,68,69,61,7,9,7,10,13,15,18,21,25,33,33,31,32,34,33,120,68,25,30,71,55,42,76,55,12,,,,,
2026-10-04,59,31,26,71,74,58,59,73,63,62,67,67,64,59,56,7,6,8,11,12,13,12,18,31,36,33,35,38,35,41,61,32,29,78,75,49,59,60,27,41,,,,,
2026-10-05,31,26,75,72,57,56,73,89,87,84,78,70,67,64,57,4,7,6,10,10,7,14,18,21,26,34,36,38,42,42,31,22,74,71,50,51,66,84,88,95,,,,,
2026-10-06,30,81,80,54,54,77,78,85,93,84,66,62,55,50,53,5,4,7,10,6,15,16,22,22,33,43,42,39,37,41,30,84,83,63,53,71,78,91,112,48,,,,,
2026-10-07,81,80,55,56,79,79,60,70,71,57,46,52,56,60,59,4,6,7,5,13,19,19,26,35,38,41,45,46,43,39,81,81,54,54,68,91,37,59,95,74,,,,,
2026-10-08,79,54,55,73,85,73,84,75,57,49,52,57,60,52,55,5,5,4,8,11,17,17,36,37,37,42,44,43,40,35,80,52,55,69,86,72,84,100,56,-9,,,,,
