init_date,em_d01,em_d02,em_d03,em_d04,em_d05,em_d06,em_d07,em_d08,em_d09,em_d10,em_d11,em_d12,em_d13,em_d14,em_d15,es_d01,es_d02,es_d03,es_d04,es_d05,es_d06,es_d07,es_d08,es_d09,es_d10,es_d11,es_d12,es_d13,es_d14,es_d15,hres_d01,hres_d02,hres_d03,hres_d04,hres_d05,hres_d06,hres_d07,hres_d08,hres_d09,hres_d10,hres_d11,hres_d12,hres_d13,hres_d14,hres_d15
2026-07-17,194,210,181,158,147,150,154,162,170,179,183,187,186,189,191,4,6,11,14,20,16,13,16,17,17,22,23,22,22,26,193,210,182,152,161,153,149,152,170,175,,,,,
2026-07-14,174,199,175,191,201,174,146,139,144,146,155,158,164,171,176,4,5,8,12,11,16,17,17,22,23,24,27,22,22,22,174,200,173,190,203,189,142,135,136,141,,,,,
2026-07-15,198,173,190,205,190,167,157,151,155,160,166,168,170,175,177,3,5,8,7,14,23,23,20,21,21,24,22,24,23,23,199,174,189,204,176,183,155,159,156,152,,,,,
2026-07-16,169,190,206,184,159,147,148,155,160,164,171,177,184,182,181,4,6,6,12,22,23,21,19,20,20,19,17,19,21,21,168,190,210,186,147,132,122,130,134,152,,,,,
2026-07-18,212,185,164,138,139,147,152,162,174,185,191,190,190,188,191,4,8,8,14,13,13,13,12,17,23,21,22,25,28,29,211,185,165,137,148,144,152,170,175,195,,,,,
2026-07-19,187,167,139,143,147,157,168,178,193,195,191,185,183,183,191,6,6,11,10,10,14,14,14,14,20,20,23,21,19,23,188,166,144,148,154,161,183,179,192,220,,,,,
2026-07-20,163,142,141,147,159,170,181,187,186,182,178,178,178,186,194,5,12,8,9,11,12,14,17,19,19,19,21,20,21,25,163,143,145,147,158,170,177,195,175,177,,,,,
2026-07-21,131,141,150,163,172,180,196,181,175,172,169,166,170,173,172,6,7,7,7,8,11,12,21,17,20,20,18,23,25,23,131,146,158,166,174,183,199,194,202,199,,,,,
2026-07-22,130,150,164,175,183,195,173,172,179,178,169,172,176,174,173,6,8,7,8,12,15,20,16,19,24,23,25,26,27,26,130,150,164,175,187,205,208,183,195,202,,,,,
2026-07-23,147,162,176,185,196,170,173,180,182,179,184,186,183,176,169,6,7,6,8,13,21,15,15,21,24,28,31,32,30,30,150,162,176,187,205,167,173,182,200,208,,,,,
2026-07-24,160,176,190,190,164,168,182,187,179,178,180,176,170,170,163,6,4,6,14,12,14,15,22,22,26,28,29,24,24,24,158,175,191,193,170,171,181,199,180,170,,,,,
2026-07-25,179,190,190,163,173,190,200,187,179,171,164,160,158,157,156,3,7,12,10,9,13,20,25,25,27,28,27,26,24,23,179,195,196,160,179,185,224,187,169,172,,,,,
2026-07-26,193,190,158,171,187,213,187,174,172,172,172,168,162,157,153,5,8,10,9,11,12,17,13,12,21,20,23,22,21,22,194,187,155,172,195,216,178,171,173,156,,,,,
2026-07-27,192,161,173,187,210,186,169,171,172,179,170,159,152,157,156,6,7,5,8,8,15,13,17,20,25,21,19,16,17,18,191,162,175,193,208,169,155,171,177,200,,,,,
2026-07-28,160,175,190,212,188,168,167,174,181,172,158,156,156,154,157,5,3,8,9,17,10,9,16,23,23,23,21,20,22,19,160,176,193,215,179,171,173,190,197,160,,,,,
2026-07-29,176,194,219,186,171,171,182,189,167,149,148,152,154,153,156,2,5,7,13,8,8,15,24,17,18,17,17,20,20,21,177,196,220,187,172,169,181,195,151,155,,,,,
2026-07-30,194,215,187,171,169,175,184,170,154,149,146,150,153,156,155,2,6,14,7,6,12,22,21,17,13,17,20,22,21,23,194,213,195,175,168,177,175,171,152,147,,,,,
2026-07-31,214,192,168,166,174,183,180,168,163,159,153,155,161,165,167,4,11,6,6,10,21,19,22,23,20,19,20,24,24,25,217,194,170,167,181,180,167,153,159,156,,,,,
2026-08-01,192,165,168,173,177,183,168,155,148,148,151,155,159,164,164,5,6,5,7,17,16,14,11,15,19,21,22,21,21,23,192,163,169,171,179,191,161,155,133,143,,,,,
2026-08-02,166,168,170,190,195,175,155,150,151,152,157,158,160,161,164,4,5,6,12,12,12,11,14,21,23,25,24,27,26,26,166,171,170,194,195,180,166,161,157,171,,,,,
2026-08-03,166,170,193,200,177,158,157,170,169,157,154,157,156,155,157,4,6,11,10,9,10,12,17,21,20,20,24,22,22,28,166,170,197,202,177,171,165,190,157,124,,,,,
2026-08-04,168,195,209,173,155,158,176,161,151,157,168,168,165,165,167,5,9,8,6,6,11,15,16,16,23,22,22,23,27,29,170,198,207,173,157,149,189,167,152,172,,,,,
2026-08-05,196,207,172,157,165,186,157,149,155,164,161,158,162,169,171,5,8,6,6,11,12,15,14,24,21,19,19,24,26,28,197,208,173,160,165,200,143,140,148,152,,,,,
2026-08-06,210,174,158,171,192,153,140,144,158,172,173,170,171,172,172,6,6,6,7,9,13,11,15,16,17,19,18,21,22,26,212,177,161,174,196,142,145,141,170,170,,,,,
2026-08-07,173,157,174,187,149,141,144,164,175,173,170,170,167,169,170,5,6,5,10,9,9,13,15,14,15,22,22,24,26,27,174,159,176,181,138,146,144,165,174,182,,,,,
2026-08-08,149,173,188,151,145,148,164,178,172,156,150,151,153,153,152,5,3,8,9,7,12,16,15,19,19,19,21,20,21,23,149,175,191,157,142,141,146,173,163,150,,,,,
2026-08-09,173,184,153,145,142,164,181,180,161,152,146,150,151,151,154,3,6,8,7,9,16,13,16,14,18,19,20,21,20,22,173,182,153,144,141,176,194,190,176,154,,,,,
2026-08-10,188,147,142,142,167,184,191,165,155,150,152,156,154,151,149,4,7,6,9,10,12,17,14,15,16,15,20,21,20,22,191,146,137,141,157,187,195,168,160,124,,,,,
2026-08-11,146,141,141,163,183,188,165,148,146,150,148,146,144,147,152,6,5,7,12,11,16,14,17,19,19,17,16,16,17,22,148,142,140,162,177,202,177,153,128,118,,,,,
2026-08-12,139,140,166,182,182,161,151,152,155,150,150,148,147,148,149,4,6,9,9,13,12,12,15,17,15,15,16,21,20,22,139,137,175,189,172,142,159,159,177,150,,,,,
2026-08-13,138,168,183,178,159,147,144,147,151,152,150,146,147,143,141,4,7,8,11,8,13,12,13,16,23,18,17,21,25,24,137,170,179,182,160,151,143,143,139,163,,,,,
2026-08-14,166,181,181,159,145,145,149,150,151,150,152,151,150,151,146,4,8,8,7,11,12,13,15,18,20,19,25,22,27,26,167,175,183,161,150,160,158,154,148,147,,,,,
2026-08-15,183,187,158,147,143,152,158,160,149,146,141,139,137,138,143,6,6,7,8,11,13,17,22,16,22,22,22,21,19,21,185,189,155,142,143,160,182,178,159,129,,,,,
2026-08-16,187,158,150,147,147,158,163,154,149,147,145,145,151,151,152,5,6,8,10,12,12,17,15,14,18,20,24,27,29,25,189,158,151,144,142,155,141,149,145,121,,,,,
2026-08-17,159,147,142,151,150,157,145,141,144,142,138,136,136,135,137,6,7,12,10,10,12,12,12,13,17,21,27,25,26,26,158,150,135,155,149,159,148,131,141,130,,,,,
2026-08-18,138,143,141,154,149,141,142,142,139,136,136,134,135,134,135,5,5,11,9,11,10,12,13,19,24,24,23,24,21,22,135,144,137,154,152,142,138,142,132,115,,,,,
2026-08-19,139,147,157,154,141,139,145,145,142,143,145,142,139,136,137,4,7,7,10,10,10,9,14,19,25,27,27,29,28,27,139,152,159,156,144,129,147,156,143,143,,,,,
2026-08-20,150,160,158,141,145,148,151,156,166,168,157,157,157,156,151,5,6,12,11,10,11,11,14,17,22,25,22,21,22,23,154,160,152,132,152,154,167,160,173,189,,,,,
2026-08-21,157,162,141,141,142,148,144,139,144,143,144,145,145,143,137,4,8,7,11,9,10,13,20,23,23,22,21,21,20,20,159,165,142,134,140,151,153,150,153,147,,,,,
2026-08-22,156,143,143,140,149,140,133,141,139,140,143,144,142,139,138,5,5,8,7,9,15,17,21,24,25,21,17,19,21,24,158,142,144,139,152,146,147,164,124,126,,,,,
2026-08-23,148,144,140,149,157,154,159,148,153,152,148,141,137,140,137,5,7,7,8,10,12,11,16,18,18,17,17,19,19,20,149,145,139,151,160,153,174,140,153,145,,,,,
2026-08-24,138,141,153,157,157,161,155,158,158,148,143,141,140,135,132,5,7,5,7,8,15,14,14,14,13,17,17,18,19,21,139,131,153,161,153,164,159,166,157,148,,,,,
2026-08-25,139,155,156,154,165,157,165,160,152,145,143,137,135,134,133,5,4,8,11,9,12,13,12,12,15,15,17,21,22,22,139,153,156,156,173,150,166,158,144,158,,,,,
2026-08-26,148,155,158,169,162,176,169,155,148,145,141,135,126,125,127,4,6,8,9,11,10,11,12,16,17,20,19,19,25,28,148,153,161,175,170,188,181,163,139,149,,,,,
2026-08-27,149,157,169,158,171,161,151,141,137,136,131,126,129,128,127,5,7,7,11,9,9,12,14,16,15,15,18,22,23,24,150,154,167,143,166,161,138,126,132,114,,,,,
2026-08-28,161,170,161,171,160,150,144,140,135,131,125,119,121,125,126,6,6,9,9,8,9,12,16,14,16,14,16,18,23,22,163,172,160,172,160,146,150,135,122,115,,,,,
2026-08-29,172,159,166,163,148,143,135,130,132,127,123,121,121,121,121,5,6,6,8,9,15,13,13,14,18,19,22,20,22,23,174,154,166,167,142,154,133,134,130,116,,,,,
2026-08-30,156,165,166,150,139,131,127,128,125,120,123,124,121,120,122,5,6,7,8,14,15,12,11,14,18,21,21,21,22,24,153,165,167,154,145,135,124,116,115,137,,,,,
2026-08-31,164,164,153,143,133,127,127,124,124,131,136,132,127,126,124,5,6,7,10,12,12,11,15,21,21,21,23,23,22,23,162,164,156,148,130,130,125,123,121,137,,,,,
2026-09-01,164,146,141,127,124,121,120,129,133,130,125,120,113,113,117,4,5,10,11,9,10,17,19,19,20,19,19,21,23,25,163,146,139,113,127,121,133,121,109,101,,,,,
2026-09-02,146,141,130,122,121,135,146,141,136,129,126,123,122,121,118,5,9,11,9,12,13,16,23,26,24,22,24,24,24,24,146,139,117,111,116,140,151,148,173,178,,,,,
2026-09-03,142,125,122,118,124,146,138,130,124,121,120,119,118,118,116,6,10,8,12,14,11,18,20,20,21,23,21,20,21,24,141,121,116,121,107,146,153,149,143,129,,,,,
2026-09-04,116,122,118,114,146,141,132,127,122,124,122,118,117,118,117,8,8,7,12,11,15,15,17,19,18,17,20,20,18,19,114,126,122,116,152,145,133,121,126,135,,,,,
2026-09-05,123,119,112,149,142,133,129,129,130,128,126,124,122,120,121,6,6,7,8,13,12,11,14,15,18,19,22,22,23,25,125,120,111,145,146,138,130,134,136,140,,,,,
2026-09-06,119,119,156,152,136,126,126,131,129,132,134,133,130,128,129,5,7,7,11,16,12,13,14,18,20,20,24,24,27,31,120,116,160,152,140,130,134,147,145,148,,,,,
2026-09-07,121,159,164,131,122,132,136,133,138,136,124,117,117,116,116,5,7,13,15,13,12,14,18,19,19,19,20,22,27,23,123,163,159,128,105,140,147,143,160,161,,,,,
2026-09-08,158,169,131,121,133,141,137,139,140,129,126,126,123,122,119,5,10,12,11,12,13,15,17,18,21,24,27,25,25,28,156,171,131,112,135,156,153,143,157,133,,,,,
2026-09-09,173,132,123,135,140,128,135,140,125,118,118,118,117,118,117,8,7,7,9,10,16,14,14,16,20,19,18,20,23,23,177,134,126,135,139,118,133,126,122,112,,,,,
2026-09-10,129,126,127,139,129,138,144,131,129,128,127,125,123,120,115,4,6,10,8,12,12,13,14,17,18,19,20,21,23,24,130,128,133,146,125,138,159,150,140,146,,,,,
2026-09-11,125,131,136,130,138,141,133,134,132,124,125,123,118,113,114,4,5,8,13,12,13,13,13,16,16,18,20,23,24,25,125,132,137,133,137,147,135,144,138,124,,,,,
2026-09-12,132,135,118,125,143,131,133,138,134,127,122,118,116,120,116,4,7,9,13,9,13,10,14,16,19,20,22,22,24,25,134,138,112,116,149,127,127,137,128,117,,,,,
2026-09-13,133,115,120,143,131,133,134,131,121,118,117,114,108,104,104,4,6,10,8,10,10,13,14,16,17,18,22,28,28,24,135,112,113,143,131,125,133,142,142,146,,,,,
2026-09-14,110,119,146,132,134,134,130,114,111,110,107,107,104,100,102,3,6,6,8,9,12,13,15,17,23,21,23,25,24,24,110,119,144,133,134,138,133,112,106,110,,,,,
2026-09-15,115,146,137,136,139,137,114,108,109,108,110,105,99,100,99,6,5,6,8,10,14,15,14,18,24,27,29,28,29,28,111,144,137,146,151,146,113,106,108,107,,,,,
2026-09-16,150,137,133,140,143,119,117,119,116,116,113,111,110,109,104,5,4,8,8,12,14,17,21,24,25,26,26,29,27,28,151,139,131,143,148,136,117,144,126,128,,,,,
2026-09-17,133,131,143,137,110,110,113,120,117,120,117,116,114,112,112,5,6,8,9,10,11,17,21,21,21,20,23,24,24,25,133,132,143,140,107,115,134,117,107,123,,,,,
2026-09-18,132,147,137,110,110,108,110,107,117,119,121,123,118,117,111,5,6,8,8,11,17,20,16,18,16,22,25,24,25,25,134,152,136,113,115,117,117,96,116,121,,,,,
2026-09-19,147,134,114,113,114,123,113,114,116,123,123,123,117,117,116,5,8,7,11,18,21,16,14,15,18,20,22,25,26,24,151,137,110,120,120,131,100,125,128,124,,,,,
2026-09-20,138,116,121,111,120,120,119,121,120,120,120,122,120,110,100,5,6,8,15,18,15,15,16,17,18,23,25,26,27,33,136,114,130,122,130,116,127,124,139,141,,,,,
2026-09-21,112,125,122,127,118,119,119,125,127,126,128,124,111,105,100,5,6,10,16,13,12,12,15,16,17,21,19,22,28,30,110,129,127,138,115,108,121,137,140,130,,,,,
2026-09-22,122,121,120,114,116,115,122,126,126,127,122,114,108,104,99,5,7,14,11,11,12,15,17,18,21,20,22,25,22,25,124,122,124,118,120,110,116,131,131,134,,,,,
2026-09-23,113,121,116,120,117,120,123,125,121,119,117,110,108,104,96,5,7,10,9,12,13,11,11,13,14,15,17,19,20,24,111,121,118,119,114,118,118,126,127,125,,,,,
2026-09-24,118,113,119,112,109,119,117,113,111,107,108,107,101,96,93,5,7,6,11,13,14,15,16,16,17,19,21,20,23,26,118,114,126,109,100,117,123,116,114,104,,,,,
2026-09-25,115,122,110,114,125,122,117,118,112,109,105,99,97,98,97,6,4,8,12,14,17,17,15,15,14,17,19,20,20,23,115,122,108,113,126,127,125,111,105,95,,,,,
2026-09-26,125,107,112,122,115,109,109,107,103,98,92,91,89,86,83,4,5,7,11,17,18,19,22,23,19,21,22,24,28,30,126,106,113,117,125,125,125,124,125,124,,,,,
2026-09-27,107,107,120,109,98,94,93,95,96,95,93,91,86,84,78,3,3,10,13,15,21,24,22,17,19,22,22,24,27,33,108,107,124,105,87,81,73,76,73,79,,,,,
2026-09-28,102,120,108,87,86,90,97,96,100,99,97,87,82,79,76,2,9,8,9,16,23,24,23,25,23,22,21,25,30,25,103,121,110,84,76,97,98,124,127,116,,,,,
2026-09-29,113,111,99,107,107,110,108,105,105,94,84,83,84,81,79,7,7,11,13,18,16,14,16,20,24,25,25,27,25,26,111,112,99,107,112,117,101,98,110,97,,,,,
2026-10-03,116,113,116,121,107,114,89,80,91,94,95,93,93,89,83,5,8,9,8,17,21,26,27,24,24,23,25,24,24,28,116,110,116,124,107,122,67,57,102,83,,,,,
2026-10-04,117,115,121,95,103,107,90,94,99,94,94,92,91,84,83,6,4,6,11,16,19,23,21,21,19,22,22,24,24,27,116,114,124,94,108,112,94,85,94,93,,,,,
2026-10-05,116,123,95,103,97,79,81,82,81,84,87,86,83,82,82,3,5,5,12,14,17,20,20,21,22,23,23,25,27,29,115,125,97,101,99,81,81,82,83,88,,,,,
2026-10-06,124,98,106,99,87,89,84,82,85,87,85,83,82,75,72,5,4,8,12,14,13,13,19,24,24,26,25,24,24,28,125,100,107,91,80,83,80,88,109,102,,,,,
2026-10-07,97,106,99,86,95,88,83,94,95,87,84,80,72,68,66,3,7,12,16,14,14,17,22,24,23,23,26,26,28,30,97,102,92,94,105,87,72,109,107,82,,,,,
2026-10-08,96,95,83,90,80,79,92,95,88,79,76,71,74,72,69,6,8,12,11,12,15,20,20,18,19,24,27,30,34,34,95,96,79,88,75,68,93,108,105,73,,,,,
