init_date,em_d01,em_d02,em_d03,em_d04,em_d05,em_d06,em_d07,em_d08,em_d09,em_d10,em_d11,em_d12,em_d13,em_d14,em_d15,es_d01,es_d02,es_d03,es_d04,es_d05,es_d06,es_d07,es_d08,es_d09,es_d10,es_d11,es_d12,es_d13,es_d14,es_d15,hres_d01,hres_d02,hres_d03,hres_d04,hres_d05,hres_d06,hres_d07,hres_d08,hres_d09,hres_d10,hres_d11,hres_d12,hres_d13,hres_d14,hres_d15
2026-07-17,118,109,111,124,127,120,122,130,135,139,145,150,148,148,149,3,4,8,6,4,6,8,8,12,16,21,24,25,21,21,117,110,110,126,128,107,97,121,135,151,,,,,
2026-07-14,126,127,127,118,109,104,112,117,120,126,131,136,140,145,147,2,2,3,4,6,9,11,11,10,14,16,20,25,23,23,125,125,126,117,105,105,109,117,118,125,,,,,
2026-07-15,126,126,117,110,105,113,121,124,125,131,135,137,139,139,138,3,3,3,5,7,9,8,9,11,12,18,22,22,23,23,125,125,116,108,101,108,121,115,121,142,,,,,
2026-07-16,127,119,110,109,116,124,123,126,133,138,148,152,150,149,146,2,3,6,9,8,7,7,9,10,14,20,23,24,23,22,126,117,108,106,124,123,116,115,115,133,,,,,
2026-07-18,111,118,128,127,116,114,128,136,143,152,150,148,148,148,147,4,6,5,4,6,7,7,10,14,20,22,23,23,22,21,108,121,130,124,110,114,131,128,136,139,,,,,
2026-07-19,118,126,127,116,118,131,136,143,149,151,152,151,149,149,151,3,3,3,5,7,7,8,15,21,22,24,24,22,21,24,117,125,128,117,115,132,144,134,145,170,,,,,
2026-07-20,128,126,117,119,135,141,139,142,149,146,141,139,142,147,148,2,3,4,5,5,9,14,15,18,20,18,18,18,20,18,127,125,114,118,136,137,126,130,166,165,,,,,
2026-07-21,126,114,118,129,133,129,135,143,142,136,133,135,139,137,138,2,4,4,3,7,10,16,18,19,17,15,15,18,17,18,126,115,117,126,132,129,127,125,132,134,,,,,
2026-07-22,112,117,128,134,130,130,128,133,133,131,131,133,134,133,134,3,3,2,7,10,11,10,12,14,12,17,19,18,19,20,111,117,128,138,128,130,132,163,154,158,,,,,
2026-07-23,116,128,144,136,131,128,131,129,126,130,133,136,132,127,127,2,2,7,10,7,8,11,14,18,22,21,22,18,16,18,116,127,146,133,131,124,141,139,122,117,,,,,
2026-07-24,128,146,131,132,126,132,131,126,127,131,131,132,133,129,129,2,5,5,8,6,10,15,16,20,23,20,18,20,16,17,127,144,128,134,124,131,139,132,122,134,,,,,
2026-07-25,152,132,135,128,131,129,126,125,124,125,124,124,125,127,126,5,4,5,4,10,11,13,18,14,19,18,14,16,18,16,152,129,133,124,130,126,118,121,120,116,,,,,
2026-07-26,133,136,128,134,142,134,126,127,127,132,133,129,128,126,126,3,5,3,8,16,12,7,9,16,20,20,16,17,15,14,132,136,127,134,128,138,127,129,116,101,,,,,
2026-07-27,133,128,136,138,127,126,127,126,134,136,129,123,126,128,131,4,3,6,9,7,7,10,11,22,23,16,13,16,17,18,133,128,141,134,122,124,127,126,144,165,,,,,
2026-07-28,127,138,134,125,131,128,127,126,127,122,121,125,127,127,130,3,5,5,5,6,6,11,13,16,14,13,15,16,14,18,126,134,133,123,133,126,137,170,144,119,,,,,
2026-07-29,140,134,127,132,127,123,124,124,119,118,122,127,130,131,129,4,4,4,7,5,6,8,11,9,6,11,15,14,15,14,141,133,126,134,129,123,129,138,119,117,,,,,
2026-07-30,135,127,132,126,121,120,125,123,120,118,122,125,133,133,131,3,4,4,5,4,5,13,11,10,10,13,16,17,18,16,136,127,134,126,123,122,119,124,120,118,,,,,
2026-07-31,127,133,125,120,120,124,125,124,124,125,128,129,132,133,131,3,4,4,4,5,10,13,11,14,12,15,14,16,17,16,127,137,123,117,118,114,116,120,112,110,,,,,
2026-08-01,132,123,117,120,125,126,118,116,121,123,125,127,129,129,129,4,3,3,4,9,10,9,11,14,16,15,14,16,16,17,134,123,117,120,132,133,118,118,120,135,,,,,
2026-08-02,123,116,120,130,129,116,113,117,122,128,131,131,132,136,135,3,3,3,8,10,9,11,15,17,17,16,18,17,20,19,120,114,120,130,130,114,105,110,120,142,,,,,
2026-08-03,117,120,136,134,119,124,132,131,124,123,123,124,124,124,130,3,3,8,8,7,12,18,19,14,15,15,15,16,15,15,116,119,137,138,118,138,159,130,109,118,,,,,
2026-08-04,120,137,136,118,131,149,132,122,128,132,131,128,133,135,135,3,5,6,5,9,18,14,10,15,15,13,14,17,18,18,120,137,135,117,129,162,135,117,117,126,,,,,
2026-08-05,136,139,118,136,147,130,116,119,130,128,124,129,133,134,132,4,5,4,7,14,15,8,9,16,16,16,17,19,21,19,135,136,115,135,152,129,116,108,129,136,,,,,
2026-08-06,142,118,135,140,121,111,117,130,132,128,127,129,131,133,134,4,4,5,10,8,8,8,13,12,12,15,17,18,18,18,141,116,133,146,121,108,114,139,140,137,,,,,
2026-08-07,118,133,136,118,111,120,134,136,127,124,131,136,138,139,136,3,3,6,7,6,6,8,7,9,13,18,19,20,22,21,118,133,135,116,109,120,133,136,129,129,,,,,
2026-08-08,134,135,120,116,123,136,135,126,118,119,125,129,129,129,126,3,4,4,5,6,6,8,9,10,13,15,14,14,15,15,134,135,120,115,120,140,137,127,118,124,,,,,
2026-08-09,134,119,115,123,138,137,130,121,118,121,125,127,126,127,128,3,5,4,5,6,7,6,10,11,14,13,13,14,16,16,133,119,112,123,139,134,129,126,121,118,,,,,
2026-08-10,120,117,121,134,136,134,126,119,119,124,127,126,126,125,126,4,5,5,4,5,6,8,8,11,12,12,10,11,15,16,117,116,119,134,138,131,124,109,111,112,,,,,
2026-08-11,116,120,136,138,131,123,116,118,125,124,124,125,126,126,124,4,4,4,5,4,7,8,10,14,11,12,12,13,14,15,116,120,136,136,133,125,116,121,136,145,,,,,
2026-08-12,121,136,139,132,127,122,121,124,128,127,125,125,123,124,129,3,3,4,4,4,7,8,11,12,10,12,13,12,14,15,120,136,137,134,126,121,127,125,133,138,,,,,
2026-08-13,136,140,131,127,122,123,128,125,125,125,127,126,127,125,124,3,4,4,4,6,7,8,8,11,12,15,13,16,18,16,136,140,132,127,128,137,130,126,121,112,,,,,
2026-08-14,138,131,127,123,124,132,131,126,124,124,125,125,124,126,124,3,4,4,5,8,12,12,12,12,17,17,17,17,18,18,138,130,126,124,126,149,146,139,138,132,,,,,
2026-08-15,133,126,119,121,125,123,122,119,116,117,121,124,126,128,132,3,4,7,10,13,11,11,11,10,10,11,15,18,19,19,132,127,120,122,119,124,119,118,114,102,,,,,
2026-08-16,126,122,126,131,127,123,123,122,125,134,140,144,142,140,134,3,5,5,9,8,8,10,9,12,17,19,19,18,18,17,127,121,127,136,131,121,122,108,113,128,,,,,
2026-08-17,120,124,133,128,125,123,123,126,129,137,141,142,139,136,131,3,4,7,7,6,7,8,9,13,17,17,16,16,17,19,121,124,132,131,125,125,124,119,118,121,,,,,
2026-08-18,125,134,132,130,128,123,123,127,132,137,139,138,133,133,131,3,7,4,6,6,7,10,13,17,19,20,22,23,20,19,125,133,136,130,129,125,116,122,120,125,,,,,
2026-08-19,130,130,128,128,127,130,135,143,147,149,147,144,139,136,134,4,5,8,5,5,7,13,19,20,20,19,19,21,19,19,127,130,121,128,127,133,133,142,176,167,,,,,
2026-08-20,128,129,127,124,127,129,132,149,156,146,141,138,138,135,129,4,5,5,6,8,8,14,17,19,20,20,20,20,18,17,128,131,124,123,131,128,133,160,161,131,,,,,
2026-08-21,129,129,123,130,129,127,143,156,151,148,140,137,132,132,129,5,4,5,3,5,12,16,15,13,13,14,17,17,19,19,127,128,123,130,131,127,159,162,164,158,,,,,
2026-08-22,129,123,131,128,125,141,156,154,146,136,130,127,125,126,129,4,4,3,4,10,14,12,11,15,17,17,18,19,19,20,127,122,131,130,121,145,157,156,149,135,,,,,
2026-08-23,126,132,129,125,132,162,161,151,145,138,130,127,127,129,128,4,4,5,8,12,12,7,14,15,18,18,18,20,18,17,126,131,127,123,127,155,171,171,159,144,,,,,
2026-08-24,132,128,126,132,166,161,147,141,138,132,129,132,130,126,124,3,4,7,10,11,8,15,16,16,17,20,19,19,17,16,132,127,125,132,172,166,143,136,132,137,,,,,
2026-08-25,127,128,136,164,160,149,143,140,134,137,134,131,130,129,125,5,6,12,11,7,11,14,13,13,15,16,17,19,19,17,124,127,140,167,160,142,143,134,129,133,,,,,
2026-08-26,127,141,168,158,140,136,135,129,129,127,119,115,116,115,116,5,9,4,6,7,11,12,13,15,15,14,15,17,16,16,128,139,169,163,138,132,136,116,109,135,,,,,
2026-08-27,150,168,159,137,131,124,123,118,122,121,118,114,114,112,115,7,3,8,8,11,11,14,13,14,14,13,15,17,14,17,152,169,157,136,133,121,120,110,110,129,,,,,
2026-08-28,169,160,136,131,126,125,126,122,119,118,113,111,114,114,114,3,5,6,8,10,11,15,15,12,14,14,13,17,15,16,171,163,136,132,128,117,107,112,110,112,,,,,
2026-08-29,157,134,131,124,123,122,118,118,112,108,109,113,114,114,114,4,4,6,6,9,9,10,13,13,14,16,16,16,17,20,159,135,132,126,118,118,122,118,106,95,,,,,
2026-08-30,134,127,123,127,125,124,122,114,113,115,118,117,116,117,117,3,5,5,10,8,9,10,11,14,15,14,14,15,17,20,134,127,121,120,125,128,124,113,112,110,,,,,
2026-08-31,127,122,126,125,131,128,118,120,124,125,122,120,120,120,120,4,5,6,6,10,10,10,12,12,16,14,13,17,17,18,128,120,121,127,126,136,124,119,115,129,,,,,
2026-09-01,122,123,126,126,126,115,124,120,117,111,110,110,113,114,115,4,5,5,7,9,9,13,13,16,16,18,18,19,19,17,120,118,125,121,126,114,116,108,84,89,,,,,
2026-09-02,122,125,127,134,121,128,116,112,114,115,118,118,117,113,112,5,4,8,6,6,10,12,14,13,14,15,15,16,16,18,120,125,122,133,123,129,117,109,127,130,,,,,
2026-09-03,129,130,133,121,132,123,116,116,118,120,120,118,117,115,115,3,6,7,6,8,11,17,15,12,12,13,14,16,17,18,130,131,132,121,134,121,139,134,123,118,,,,,
2026-09-04,130,134,123,135,128,123,124,126,126,122,120,118,117,115,110,4,5,7,7,10,12,11,12,12,13,15,15,14,17,19,129,132,123,133,124,114,115,117,115,126,,,,,
2026-09-05,134,124,134,125,122,125,124,123,119,120,118,115,116,115,113,4,4,5,8,10,10,11,11,10,15,13,14,14,15,15,135,123,133,122,117,110,117,112,108,110,,,,,
2026-09-06,125,132,121,117,116,123,121,117,119,120,115,112,115,116,116,3,4,7,6,8,13,10,12,18,18,17,16,17,19,18,124,130,118,116,114,126,116,116,116,133,,,,,
2026-09-07,131,119,116,119,128,120,120,121,124,114,109,111,112,114,107,3,6,6,6,11,8,13,15,13,13,15,19,17,17,17,129,116,118,119,127,115,118,130,125,99,,,,,
2026-09-08,121,116,120,125,121,122,116,121,110,110,112,115,118,115,112,4,4,4,11,7,11,11,13,14,15,13,13,15,17,19,119,115,119,124,126,128,109,110,115,106,,,,,
2026-09-09,114,120,127,124,112,110,123,109,99,107,112,116,115,115,110,4,5,7,9,8,9,10,13,15,17,17,15,15,16,15,112,117,124,127,109,102,120,113,96,111,,,,,
2026-09-10,119,129,133,113,114,128,113,107,113,115,114,114,112,109,106,4,5,7,5,7,9,11,14,14,16,17,18,15,18,20,117,127,133,112,110,120,117,109,117,118,,,,,
2026-09-11,126,132,110,114,132,117,116,116,109,112,111,108,102,102,102,5,5,5,6,8,7,9,10,13,15,13,14,14,18,19,127,129,109,112,137,115,119,113,111,111,,,,,
2026-09-12,133,109,113,132,121,111,119,123,117,113,111,107,104,105,105,4,5,5,7,8,11,11,12,11,12,13,13,14,15,16,133,107,112,125,123,103,103,125,112,97,,,,,
2026-09-13,110,111,131,122,109,118,123,116,113,113,110,106,105,102,101,4,5,7,7,10,11,10,7,10,12,15,17,17,16,17,112,106,132,129,115,118,126,120,120,119,,,,,
2026-09-14,112,129,121,102,107,120,114,109,109,112,111,108,105,104,100,4,5,5,7,11,10,8,8,12,14,15,17,16,18,18,111,124,123,99,100,105,105,95,115,121,,,,,
2026-09-15,130,119,100,111,120,113,110,111,109,104,101,100,101,102,104,4,3,6,11,9,6,7,10,12,14,15,16,17,18,19,128,118,97,111,125,112,107,106,111,117,,,,,
2026-09-16,119,98,110,124,115,110,111,109,105,104,102,98,98,99,99,2,4,8,7,5,6,8,8,14,18,17,18,19,19,20,119,96,111,125,113,111,114,114,117,126,,,,,
2026-09-17,98,111,121,116,109,114,117,112,112,108,107,104,104,106,102,3,6,5,5,5,7,8,13,16,15,17,17,17,21,21,99,110,120,115,108,114,124,118,116,112,,,,,
2026-09-18,111,120,113,108,113,119,115,117,114,109,111,109,110,110,108,4,4,3,5,6,7,11,13,11,13,16,16,17,19,17,108,116,112,103,115,117,126,124,116,116,,,,,
2026-09-19,121,116,109,117,121,114,118,117,116,120,119,116,119,116,108,3,3,4,5,9,10,11,9,13,15,16,18,17,19,22,119,116,111,115,126,103,115,108,104,123,,,,,
2026-09-20,115,109,117,114,107,117,117,116,118,117,119,117,108,105,102,3,4,3,4,8,11,10,12,14,14,17,21,20,24,24,115,106,116,116,95,117,112,119,112,108,,,,,
2026-09-21,107,116,114,105,120,119,124,127,119,123,124,114,110,104,100,3,3,4,6,9,9,10,12,14,16,19,19,18,19,19,106,114,116,106,121,125,131,117,112,129,,,,,
2026-09-22,117,115,106,119,116,126,125,123,133,127,115,107,104,98,96,2,3,5,8,8,10,12,15,17,17,18,20,22,22,24,116,114,107,123,116,120,127,109,136,131,,,,,
2026-09-23,115,104,119,115,127,127,123,140,135,129,124,118,112,109,106,2,4,7,6,9,9,12,15,14,13,13,16,19,21,19,116,104,118,116,132,132,125,154,157,125,,,,,
2026-09-24,105,118,114,127,125,114,124,135,129,124,118,111,106,103,99,4,5,5,8,7,6,16,14,11,11,14,17,17,19,19,103,119,114,126,127,115,110,123,132,130,,,,,
2026-09-25,118,115,127,124,113,121,136,129,120,113,106,102,106,104,102,4,3,6,5,6,12,13,9,10,12,14,17,17,17,18,115,115,124,125,109,117,130,132,112,111,,,,,
2026-09-26,114,127,122,113,119,134,125,117,110,107,107,104,97,95,92,3,5,4,5,9,12,9,10,10,11,13,15,17,18,21,112,125,120,112,120,134,125,112,112,118,,,,,
2026-09-27,125,120,112,117,132,128,117,108,106,104,97,93,90,88,88,4,3,5,8,11,9,9,10,10,13,15,16,19,17,18,125,120,110,118,130,135,118,108,111,114,,,,,
2026-09-28,121,113,114,121,123,117,108,111,105,95,90,89,90,86,84,3,4,7,9,9,8,8,9,11,14,17,16,15,18,19,120,113,115,118,116,113,106,107,100,81,,,,,
2026-09-29,108,117,125,123,117,108,103,101,93,86,83,85,81,79,80,3,7,9,8,7,8,7,11,12,14,16,16,17,17,16,107,115,118,119,112,112,99,94,86,75,,,,,
2026-10-03,113,108,106,91,78,66,69,83,84,83,84,85,84,83,81,3,3,5,6,7,8,13,18,15,17,20,18,19,20,19,112,107,103,91,78,61,73,101,87,88,,,,,
2026-10-04,110,106,94,78,65,63,73,80,85,86,89,88,86,84,81,3,4,4,4,6,9,14,15,15,13,13,14,16,16,18,110,106,94,76,69,57,69,86,84,78,,,,,
2026-10-05,109,96,79,64,57,64,67,73,79,86,84,82,83,82,79,3,4,5,6,8,11,14,15,18,16,15,14,16,19,19,107,99,78,67,62,65,68,86,93,97,,,,,
2026-10-06,98,81,66,55,60,62,69,81,91,88,83,83,84,80,75,4,4,5,7,11,12,14,15,11,12,16,20,21,21,21,96,78,66,53,58,70,76,96,97,85,,,,,
2026-10-07,83,67,55,60,62,71,86,94,88,83,78,72,70,67,66,4,5,6,9,10,11,14,12,11,15,18,20,22,22,22,80,63,54,57,60,70,90,101,83,76,,,,,
2026-10-08,66,53,54,55,65,87,95,87,78,75,74,74,71,68,69,4,4,5,6,8,12,10,9,12,18,21,20,21,20,17,64,53,56,54,65,88,105,86,68,57,,,,,
