init_date,em_d01,em_d02,em_d03,em_d04,em_d05,em_d06,em_d07,em_d08,em_d09,em_d10,em_d11,em_d12,em_d13,em_d14,em_d15,es_d01,es_d02,es_d03,es_d04,es_d05,es_d06,es_d07,es_d08,es_d09,es_d10,es_d11,es_d12,es_d13,es_d14,es_d15,hres_d01,hres_d02,hres_d03,hres_d04,hres_d05,hres_d06,hres_d07,hres_d08,hres_d09,hres_d10,hres_d11,hres_d12,hres_d13,hres_d14,hres_d15
2026-07-17,224,245,260,230,202,213,221,218,224,238,244,243,241,236,229,4,7,8,13,13,16,16,22,28,28,26,23,25,26,24,225,244,265,233,198,203,227,238,243,274,,,,,
2026-07-14,254,241,220,232,246,246,221,204,206,211,213,213,213,213,214,4,11,13,12,14,17,21,20,21,20,22,24,25,26,25,256,240,204,226,251,248,214,200,206,220,,,,,
2026-07-15,237,213,227,242,251,229,205,209,219,220,218,215,211,213,217,9,9,8,8,13,16,18,15,17,19,25,24,23,24,22,241,213,226,244,256,222,191,209,214,218,,,,,
2026-07-16,214,226,239,250,228,207,215,225,222,216,220,222,220,224,224,7,6,8,12,15,15,16,17,23,26,26,28,28,28,26,214,220,239,257,235,199,213,231,235,225,,,,,
2026-07-18,247,261,228,208,217,229,230,237,247,246,242,244,247,240,232,5,9,9,10,15,13,26,27,30,23,23,25,26,29,29,248,265,228,214,206,223,249,267,288,252,,,,,
2026-07-19,260,225,202,215,230,235,248,255,248,242,242,242,238,232,224,7,7,8,10,9,14,21,26,23,28,29,26,26,27,26,262,228,205,213,233,245,258,283,267,269,,,,,
2026-07-20,218,200,218,233,249,254,250,242,243,247,247,241,232,222,218,5,6,7,8,14,18,25,23,22,22,25,25,25,27,24,220,203,220,232,247,252,241,208,215,245,,,,,
2026-07-21,194,217,236,247,243,251,253,247,242,233,232,231,226,220,218,4,6,9,14,16,22,22,21,23,23,26,27,26,26,30,195,219,231,255,254,275,256,209,225,231,,,,,
2026-07-22,217,240,249,237,260,256,246,244,228,220,220,219,213,205,205,4,6,11,13,14,17,16,20,23,23,27,28,29,25,25,218,243,250,241,266,259,254,255,229,218,,,,,
2026-07-23,239,254,240,263,248,242,249,242,235,234,232,226,214,209,209,4,7,11,13,15,15,20,18,19,23,25,26,24,28,31,239,252,243,266,249,243,251,261,255,249,,,,,
2026-07-24,253,242,260,250,249,253,244,231,233,229,223,207,204,205,210,6,10,11,11,12,14,17,17,17,18,24,27,30,29,27,254,245,259,246,252,260,254,225,219,220,,,,,
2026-07-25,239,250,240,251,268,261,246,247,246,229,206,198,198,204,207,7,11,7,11,11,13,17,18,20,22,25,28,28,26,26,240,256,241,254,275,263,254,251,269,252,,,,,
2026-07-26,247,244,253,267,256,246,248,251,237,210,202,206,217,218,216,5,7,9,11,12,15,15,18,19,21,23,28,31,31,29,250,248,252,264,257,254,252,260,245,222,,,,,
2026-07-27,243,250,269,260,247,241,246,237,204,192,201,207,210,207,211,3,8,9,9,13,15,18,19,19,20,25,27,29,30,27,242,254,272,261,257,243,262,252,203,193,,,,,
2026-07-28,253,267,257,243,240,253,232,206,210,215,212,210,211,209,208,6,10,9,10,14,14,15,17,21,22,23,21,24,23,24,251,272,258,244,234,248,239,207,229,224,,,,,
2026-07-29,270,259,242,248,261,233,199,207,218,221,219,213,212,215,216,7,8,6,10,13,13,15,16,17,19,23,25,26,27,27,262,259,241,247,261,230,196,203,227,220,,,,,
2026-07-30,258,235,238,249,233,191,197,214,219,221,221,223,224,219,213,6,8,9,10,14,11,14,19,20,23,23,25,25,25,24,258,237,239,250,244,187,196,228,216,213,,,,,
2026-07-31,232,231,243,228,191,199,220,230,228,214,207,206,209,209,204,6,7,8,13,12,14,16,17,19,19,17,20,23,24,27,233,230,243,221,188,192,222,225,214,205,,,,,
2026-08-01,228,248,225,182,195,213,214,212,209,208,207,207,206,204,207,4,6,13,8,11,16,22,24,20,19,21,22,20,23,25,230,248,228,179,194,194,190,188,191,198,,,,,
2026-08-02,245,220,175,186,206,214,209,204,204,205,209,210,216,214,210,5,10,6,10,17,24,27,22,18,18,18,18,22,27,31,245,225,174,186,201,244,215,206,219,212,,,,,
2026-08-03,210,175,179,197,208,208,203,201,203,204,208,206,208,211,214,5,5,8,10,17,25,19,15,17,18,21,27,28,25,25,210,175,176,198,206,193,217,210,208,211,,,,,
2026-08-04,171,177,198,180,179,181,189,190,191,196,200,201,206,207,205,3,8,10,7,8,13,14,15,16,19,19,23,24,26,29,172,172,196,178,175,176,193,196,185,199,,,,,
2026-08-05,180,197,182,183,182,194,199,196,191,195,200,201,201,202,203,6,6,5,8,10,10,13,17,19,17,18,23,23,24,24,182,198,183,186,185,189,198,201,195,178,,,,,
2026-08-06,197,182,185,185,197,202,196,186,190,195,194,196,199,204,209,6,4,5,8,9,11,14,16,16,17,19,21,21,22,24,200,183,186,184,200,204,200,174,180,188,,,,,
2026-08-07,179,184,183,194,202,194,184,183,187,197,207,209,209,209,212,3,5,6,8,10,13,15,15,14,15,17,20,22,26,29,179,182,184,195,194,194,201,179,175,191,,,,,
2026-08-08,184,184,193,203,196,183,184,193,197,205,208,202,200,203,203,5,5,6,12,12,14,14,14,14,15,19,25,28,31,30,187,183,193,209,195,189,192,183,201,205,,,,,
2026-08-09,182,192,200,195,192,196,197,200,207,213,215,212,209,205,200,4,5,11,8,10,12,13,13,13,17,19,26,31,30,27,181,193,203,199,210,204,182,182,205,218,,,,,
2026-08-10,186,195,197,189,191,193,195,204,210,208,201,201,202,203,204,4,8,8,10,10,12,13,13,17,23,29,29,31,32,27,186,193,194,196,190,177,192,208,223,185,,,,,
2026-08-11,195,195,196,195,197,195,206,207,201,198,196,195,198,205,207,8,6,8,10,12,12,11,16,20,22,24,26,27,27,24,195,194,201,197,204,191,207,218,204,211,,,,,
2026-08-12,197,196,190,194,194,200,200,200,199,193,195,197,196,200,201,4,6,10,12,9,11,16,21,21,22,25,28,31,30,28,197,196,191,200,191,213,189,177,195,179,,,,,
2026-08-13,200,192,189,194,199,188,181,190,202,208,207,209,208,208,206,4,8,9,8,11,13,18,19,20,22,24,27,28,29,31,201,195,189,194,200,196,195,214,227,221,,,,,
2026-08-14,200,194,191,191,180,180,194,207,215,216,215,209,205,205,203,6,7,6,9,10,15,17,16,18,24,24,25,24,26,26,199,193,192,191,189,187,207,211,221,233,,,,,
2026-08-15,188,192,185,174,184,202,209,213,220,215,211,207,206,197,195,4,4,6,11,13,16,13,18,22,20,23,27,31,30,29,188,194,183,174,194,218,216,205,209,223,,,,,
2026-08-16,193,186,172,186,203,201,194,200,213,211,208,209,207,201,196,3,4,8,9,13,11,17,20,20,20,24,23,21,22,23,194,187,175,189,202,201,202,200,213,200,,,,,
2026-08-17,187,175,186,201,196,187,194,205,209,208,207,207,198,194,191,4,6,9,11,10,12,16,15,16,19,22,28,24,24,27,187,175,189,191,198,196,196,220,223,240,,,,,
2026-08-18,174,183,196,196,188,195,205,207,209,212,212,211,204,199,191,4,11,10,7,10,14,15,17,16,19,21,26,25,29,32,173,182,195,200,193,206,217,205,214,234,,,,,
2026-08-19,184,193,197,186,191,204,208,201,202,203,199,198,199,194,190,8,7,7,8,13,14,16,17,22,25,27,27,30,29,32,186,192,196,186,194,204,202,173,178,203,,,,,
2026-08-20,193,195,186,197,210,202,178,173,173,177,184,184,188,192,193,5,5,6,8,14,14,18,23,26,28,27,22,23,25,25,190,194,186,202,209,196,164,153,150,133,,,,,
2026-08-21,198,184,192,199,202,196,202,207,210,205,199,197,197,200,197,4,4,5,10,11,16,24,21,21,20,20,25,27,28,28,198,183,192,191,197,199,213,226,217,211,,,,,
2026-08-22,184,197,202,200,199,197,209,211,207,196,197,203,202,200,193,3,5,10,8,8,14,19,20,22,23,26,25,25,25,27,183,199,195,195,199,202,215,220,203,207,,,,,
2026-08-23,200,206,196,193,184,193,204,202,182,179,186,192,189,189,189,4,11,7,7,10,14,16,20,21,24,25,25,25,24,26,201,203,195,194,180,190,200,192,170,144,,,,,
2026-08-24,204,195,190,186,203,215,217,203,202,209,208,202,192,183,177,9,5,5,9,11,15,17,17,18,18,22,23,24,30,32,213,196,190,186,206,225,233,206,199,203,,,,,
2026-08-25,197,192,185,197,212,214,201,194,199,201,199,192,185,178,171,5,5,7,9,11,14,17,15,16,17,21,26,29,31,29,197,194,188,198,217,207,188,189,208,217,,,,,
2026-08-26,191,186,199,208,218,202,197,206,209,197,179,168,165,165,164,4,5,7,9,14,20,15,15,18,24,26,27,29,29,29,190,186,198,215,232,191,198,216,214,196,,,,,
2026-08-27,187,201,212,222,203,199,209,215,214,202,191,187,184,176,173,5,7,11,14,19,15,15,17,23,28,30,33,33,33,32,184,203,214,230,205,205,217,214,227,220,,,,,
2026-08-28,206,220,224,203,196,208,213,214,206,193,188,190,187,183,179,5,6,10,14,11,14,15,18,24,28,28,27,26,26,29,207,223,232,206,204,212,213,229,228,211,,,,,
2026-08-29,212,233,201,194,205,214,218,220,211,204,201,190,182,172,167,5,8,14,10,13,11,15,18,24,29,29,29,31,33,34,212,237,203,191,203,212,213,216,214,203,,,,,
2026-08-30,229,198,189,203,214,218,223,217,211,204,188,178,173,167,165,8,9,7,9,9,16,20,26,28,29,30,31,33,33,33,230,204,188,204,221,231,236,227,239,220,,,,,
2026-08-31,196,188,198,213,218,231,211,196,194,186,164,157,153,150,143,6,5,7,8,11,13,22,29,28,26,29,34,29,30,31,194,189,203,213,220,229,205,189,176,159,,,,,
2026-09-01,186,191,211,212,225,201,182,187,178,169,166,161,154,155,159,5,5,6,9,12,20,25,24,26,27,29,28,25,30,32,187,190,216,212,221,191,161,175,191,176,,,,,
2026-09-02,193,213,214,227,210,175,181,172,173,174,172,168,165,162,161,4,4,7,11,17,21,26,19,21,25,28,28,29,30,30,193,214,216,217,221,194,212,182,184,177,,,,,
2026-09-03,211,206,219,218,192,197,180,171,180,178,171,170,164,162,159,4,5,9,14,23,24,19,20,25,27,29,32,31,29,31,215,209,226,223,185,212,184,156,177,203,,,,,
2026-09-04,199,214,220,198,202,172,177,191,181,168,161,161,162,159,152,3,7,11,16,18,15,18,20,27,31,32,30,28,28,28,197,210,229,209,202,173,181,208,173,171,,,,,
2026-09-05,219,224,209,203,173,185,183,155,141,142,146,150,145,142,134,5,8,11,13,11,16,21,24,22,24,25,27,26,29,27,217,223,214,203,170,188,187,136,127,156,,,,,
2026-09-06,222,211,197,170,187,178,141,136,145,149,152,148,136,127,128,6,7,11,9,9,11,15,16,21,21,25,28,30,34,35,221,211,201,166,184,169,137,130,122,135,,,,,
2026-09-07,207,193,171,188,182,147,134,139,140,132,130,129,127,122,124,6,8,7,7,13,13,15,18,17,20,23,26,31,34,32,204,186,172,191,188,144,141,143,144,125,,,,,
2026-09-08,184,173,190,182,145,134,138,138,131,121,119,122,123,122,124,6,4,5,10,10,10,16,16,19,21,25,28,31,33,32,184,175,188,188,143,127,135,136,123,111,,,,,
2026-09-09,171,187,178,141,131,136,133,138,128,123,123,125,128,135,136,3,4,9,6,9,11,13,16,23,27,28,27,29,31,29,172,187,182,145,130,140,135,156,150,133,,,,,
2026-09-10,192,182,138,127,130,125,131,128,130,137,142,146,143,144,140,3,6,5,7,12,12,14,24,32,31,30,29,28,30,30,191,185,138,131,137,121,126,143,162,175,,,,,
2026-09-11,184,138,130,130,126,125,137,146,136,139,149,150,151,152,148,4,4,6,9,11,16,19,21,21,21,22,25,22,24,24,186,140,133,129,124,138,147,152,127,112,,,,,
2026-09-12,137,126,128,129,127,137,144,144,150,157,160,167,169,165,155,3,4,7,8,14,18,23,19,17,20,23,24,25,25,27,138,125,133,132,129,150,163,160,145,161,,,,,
2026-09-13,125,131,126,123,129,142,145,152,156,162,166,167,167,161,156,3,6,7,14,18,21,18,17,18,20,18,19,21,25,32,124,133,127,120,125,147,153,164,157,163,,,,,
2026-09-14,129,125,119,119,140,146,146,150,158,161,161,164,158,150,145,4,6,10,13,16,12,17,17,17,16,17,19,22,30,33,129,126,117,116,135,153,144,140,137,154,,,,,
2026-09-15,124,114,115,134,150,151,156,163,165,166,166,162,159,149,145,4,7,9,12,11,14,14,13,14,16,20,23,27,30,31,127,119,118,137,161,167,153,171,169,166,,,,,
2026-09-16,113,119,138,149,143,153,158,159,160,164,162,155,149,140,136,4,5,7,8,13,11,12,14,18,20,24,31,32,27,30,111,119,141,149,141,152,161,162,172,179,,,,,
2026-09-17,120,138,147,131,145,150,150,160,165,165,161,153,147,141,138,3,6,7,10,12,9,12,14,19,20,25,24,24,23,26,119,138,146,132,150,148,146,163,174,176,,,,,
2026-09-18,135,144,125,139,146,147,161,172,170,160,150,140,137,136,133,4,5,7,8,7,10,14,16,18,28,32,30,28,25,29,135,143,126,140,147,143,156,164,169,180,,,,,
2026-09-19,146,125,140,143,140,152,165,165,148,144,140,137,136,127,121,4,4,7,7,8,12,13,19,24,25,22,25,27,26,29,145,125,142,145,140,154,166,177,138,133,,,,,
2026-09-20,122,141,142,142,161,169,171,149,137,131,129,133,130,124,119,3,6,4,7,11,11,14,22,27,25,26,26,25,28,33,123,144,142,144,158,164,174,140,134,128,,,,,
2026-09-21,137,139,141,157,164,168,150,138,140,143,143,142,131,121,122,4,3,6,7,7,10,19,24,23,22,22,27,30,32,29,137,139,144,158,160,164,159,146,146,161,,,,,
2026-09-22,135,142,158,164,169,155,138,137,137,138,136,126,117,115,114,3,5,6,8,10,16,19,21,24,25,24,24,24,28,29,134,143,157,163,169,162,146,144,149,171,,,,,
2026-09-23,142,161,165,171,148,139,130,127,124,122,115,104,101,103,107,4,5,6,8,11,17,16,22,24,24,23,25,26,31,34,143,162,168,172,151,135,133,125,124,111,,,,,
2026-09-24,162,163,172,154,145,138,135,131,128,116,101,104,112,116,118,4,6,6,9,14,14,19,19,21,19,23,25,24,30,32,162,163,170,161,156,150,155,136,133,138,,,,,
2026-09-25,166,169,153,139,137,145,139,137,117,99,107,114,119,125,128,4,4,7,13,13,12,18,21,19,20,25,24,26,28,28,165,171,158,133,133,137,125,144,134,106,,,,,
2026-09-26,166,151,129,143,152,131,119,116,106,111,119,122,127,130,125,3,4,8,9,13,16,20,20,21,26,27,31,32,31,34,166,152,131,143,144,126,109,120,111,103,,,,,
2026-09-27,149,129,149,153,124,123,122,110,121,126,126,125,124,111,106,4,7,8,11,11,17,16,19,21,22,28,30,33,34,33,149,132,151,150,122,127,141,125,116,125,,,,,
2026-09-28,136,155,148,123,117,120,107,113,122,126,128,128,117,108,103,5,8,8,9,17,15,19,20,24,31,33,29,33,35,36,139,153,146,126,114,126,110,120,125,135,,,,,
2026-09-29,162,147,114,110,120,108,107,131,132,129,125,111,106,113,115,5,7,7,10,12,17,22,23,23,29,28,34,36,36,33,162,146,116,116,123,102,79,126,133,121,,,,,
2026-10-03,123,113,117,138,129,113,98,100,76,63,65,76,77,76,73,3,4,5,9,6,12,18,27,25,26,26,27,26,28,28,125,115,116,135,131,122,108,94,78,96,,,,,
2026-10-04,112,111,136,129,116,111,122,86,70,74,81,81,77,75,75,3,5,7,7,9,17,21,23,24,24,28,27,27,26,25,112,110,139,131,122,135,142,82,79,103,,,,,
2026-10-05,115,139,128,112,107,116,83,67,71,84,87,77,74,78,83,4,5,5,9,15,23,26,20,22,22,25,22,24,26,30,117,141,127,119,107,124,87,76,94,104,,,,,
2026-10-06,137,127,115,119,116,82,60,61,71,77,73,75,81,76,74,4,3,6,11,21,19,12,19,21,19,18,22,22,24,27,136,129,120,128,129,98,70,67,67,70,,,,,
2026-10-07,134,115,118,128,82,56,62,74,79,72,72,83,85,77,74,3,6,10,16,13,8,13,17,19,21,24,26,23,20,22,134,115,118,130,82,52,59,77,63,81,,,,,
2026-10-08,111,113,137,93,67,72,85,82,67,75,84,80,75,73,66,4,7,9,13,8,12,13,16,20,25,24,20,22,25,28,111,112,141,90,69,74,73,85,65,50,,,,,
