init_date,em_d01,em_d02,em_d03,em_d04,em_d05,em_d06,em_d07,em_d08,em_d09,em_d10,em_d11,em_d12,em_d13,em_d14,em_d15,es_d01,es_d02,es_d03,es_d04,es_d05,es_d06,es_d07,es_d08,es_d09,es_d10,es_d11,es_d12,es_d13,es_d14,es_d15,hres_d01,hres_d02,hres_d03,hres_d04,hres_d05,hres_d06,hres_d07,hres_d08,hres_d09,hres_d10,hres_d11,hres_d12,hres_d13,hres_d14,hres_d15
2026-07-17,208,229,240,212,190,195,207,207,215,229,234,229,225,218,213,5,7,12,11,13,17,16,21,32,32,29,28,28,28,27,207,231,245,209,193,189,210,227,240,267,,,,,
2026-07-14,228,197,193,214,221,224,205,186,183,187,189,190,191,195,197,8,13,13,12,14,16,19,22,21,21,23,29,30,26,27,225,195,181,206,220,221,205,186,177,195,,,,,
2026-07-15,190,191,212,225,232,213,190,187,195,201,199,197,193,194,198,10,12,8,8,13,16,18,17,20,24,29,30,24,25,27,192,196,216,232,240,231,192,195,209,199,,,,,
2026-07-16,198,208,221,232,213,191,193,206,203,200,206,207,206,206,208,8,7,5,12,14,15,16,17,24,31,33,33,32,31,32,197,202,221,236,212,183,192,208,217,208,,,,,
2026-07-18,234,241,212,197,204,217,219,232,239,234,229,231,231,226,219,6,11,9,9,15,14,25,33,29,24,26,29,31,36,34,235,240,218,200,201,216,229,273,277,247,,,,,
2026-07-19,244,211,190,202,216,221,248,249,237,229,229,230,224,219,213,7,8,6,10,14,20,25,27,26,31,33,33,33,36,34,244,213,191,207,219,227,272,262,249,260,,,,,
2026-07-20,207,188,200,222,234,251,241,234,232,236,236,231,217,205,203,6,5,9,12,20,18,20,24,27,27,31,32,32,28,28,206,189,202,230,245,245,235,204,210,233,,,,,
2026-07-21,184,199,227,237,237,245,243,236,230,223,221,222,216,208,207,4,7,8,16,16,22,22,23,27,27,31,33,32,30,34,183,198,231,245,238,260,241,208,216,220,,,,,
2026-07-22,197,225,239,235,257,245,233,230,216,211,211,208,201,192,192,5,6,13,14,16,16,17,23,26,27,32,32,33,29,32,196,225,240,231,260,253,234,234,215,191,,,,,
2026-07-23,221,244,238,261,244,235,241,233,225,228,227,217,203,201,201,7,10,11,16,16,16,22,22,21,26,32,33,28,35,38,220,243,240,268,247,234,239,241,212,221,,,,,
2026-07-24,246,241,259,248,239,240,233,218,224,222,212,197,195,196,201,8,10,11,13,13,18,22,20,20,25,31,34,37,38,37,245,243,257,252,246,246,252,206,211,215,,,,,
2026-07-25,229,250,238,243,256,248,231,233,237,214,191,185,187,194,197,8,12,11,11,14,19,19,22,26,29,25,30,34,33,32,230,250,242,240,254,253,236,246,276,224,,,,,
2026-07-26,242,233,241,248,240,225,232,244,219,190,185,196,207,209,202,9,9,9,16,18,17,17,25,27,24,25,33,37,40,39,242,233,239,250,232,227,231,268,223,203,,,,,
2026-07-27,232,241,250,241,222,222,237,222,185,176,185,195,199,196,197,7,8,12,16,17,15,23,26,22,24,27,33,36,36,30,234,244,239,241,222,224,248,230,182,173,,,,,
2026-07-28,240,248,239,221,232,249,211,185,196,203,205,200,201,197,200,7,15,12,11,17,23,19,18,24,28,31,28,29,27,32,240,247,241,223,238,256,210,186,186,205,,,,,
2026-07-29,249,240,219,240,266,211,180,191,209,214,211,205,203,207,208,13,12,7,11,16,17,16,18,20,25,27,29,30,33,32,252,240,216,240,265,207,174,185,219,211,,,,,
2026-07-30,233,212,227,255,208,171,183,200,211,213,212,215,215,209,201,9,6,8,10,16,13,16,25,26,27,27,30,32,31,26,231,211,227,257,213,167,176,219,213,198,,,,,
2026-07-31,210,225,251,205,170,184,210,227,219,203,194,194,199,196,191,5,7,9,17,14,15,19,24,23,22,22,25,28,28,33,211,224,255,208,163,170,214,206,199,196,,,,,
2026-08-01,223,245,190,161,181,209,207,205,201,198,196,194,195,193,194,5,8,14,10,13,20,25,28,21,23,27,25,24,27,32,223,245,188,159,179,179,179,174,169,179,,,,,
2026-08-02,239,182,158,171,196,211,205,196,192,192,193,197,204,203,196,7,13,8,15,20,28,33,27,24,23,22,23,27,33,34,242,183,156,162,192,229,207,199,221,203,,,,,
2026-08-03,171,151,158,185,199,197,190,187,186,189,191,191,193,198,200,8,6,15,12,21,27,23,20,22,22,27,30,31,30,28,171,152,161,184,191,176,201,204,198,192,,,,,
2026-08-04,145,161,184,161,164,160,170,173,174,177,183,187,191,194,193,5,14,13,9,10,16,14,16,18,24,24,30,30,33,34,145,164,184,162,161,154,171,176,178,178,,,,,
2026-08-05,163,181,162,166,161,172,182,178,175,178,185,185,185,184,187,9,11,6,9,13,11,16,20,21,22,24,26,27,27,28,162,185,164,171,154,158,171,178,174,157,,,,,
2026-08-06,181,161,166,162,176,186,179,169,170,179,177,180,181,189,195,8,6,9,13,11,13,14,20,19,23,24,26,27,27,29,183,163,166,164,176,195,177,161,163,184,,,,,
2026-08-07,159,162,161,175,185,176,163,161,167,180,190,195,194,193,196,5,8,9,12,13,13,16,20,22,23,25,26,25,30,34,159,163,155,173,179,183,163,163,151,169,,,,,
2026-08-08,163,159,174,184,177,164,160,171,179,185,191,187,185,190,190,9,8,10,13,11,14,20,19,16,18,22,25,33,36,36,163,155,172,181,176,163,176,165,182,190,,,,,
2026-08-09,159,172,178,177,171,169,178,178,186,195,201,196,194,189,183,8,7,14,10,12,19,17,16,17,21,23,30,35,35,31,159,174,177,176,170,178,167,161,175,195,,,,,
2026-08-10,165,174,177,168,157,167,174,186,197,194,186,185,186,187,190,8,9,9,10,20,15,14,16,21,26,31,32,34,35,30,165,175,179,174,152,168,162,190,200,164,,,,,
2026-08-11,169,176,174,162,179,176,189,192,182,180,178,178,182,187,189,8,8,8,15,13,13,14,15,26,25,27,28,31,32,30,166,176,178,169,182,169,194,198,201,173,,,,,
2026-08-12,184,176,159,176,173,183,181,181,181,178,179,179,179,183,185,5,8,15,13,10,12,19,22,25,26,29,32,34,33,32,184,177,162,187,175,196,187,157,176,173,,,,,
2026-08-13,180,158,174,169,179,166,157,171,185,189,188,189,188,190,186,8,8,8,8,12,16,22,22,22,21,26,30,31,32,33,183,161,174,168,180,172,172,201,194,189,,,,,
2026-08-14,156,175,163,177,159,159,173,188,194,198,199,190,185,186,187,7,6,6,9,12,16,21,17,19,24,26,25,26,32,32,156,176,164,177,162,165,175,180,196,196,,,,,
2026-08-15,171,163,171,150,158,181,191,190,200,200,190,184,187,176,175,5,5,9,13,14,20,13,18,23,22,24,30,35,35,34,171,164,171,153,166,193,199,177,188,212,,,,,
2026-08-16,165,167,149,163,183,185,174,180,200,194,189,187,186,179,175,4,6,7,9,14,12,16,23,21,22,25,27,26,26,27,166,166,150,164,186,187,176,179,200,182,,,,,
2026-08-17,166,148,162,186,177,166,171,193,192,189,190,186,177,171,170,5,5,10,11,10,11,21,18,18,19,27,30,29,27,30,169,148,157,184,180,168,175,200,200,218,,,,,
2026-08-18,148,163,180,179,164,173,192,192,187,190,190,189,183,177,169,4,9,11,8,8,18,16,18,17,22,26,28,29,32,35,149,156,171,177,165,185,198,200,192,208,,,,,
2026-08-19,165,179,181,164,168,196,196,183,183,183,178,177,180,174,170,8,9,6,7,15,19,18,19,26,31,29,31,34,34,37,166,175,181,165,170,210,188,167,163,186,,,,,
2026-08-20,167,179,163,177,206,189,163,154,155,159,164,167,173,179,178,8,4,5,11,18,15,22,26,32,33,31,25,29,32,32,164,178,161,180,217,193,153,141,128,114,,,,,
2026-08-21,182,162,172,200,192,183,180,183,191,184,178,178,180,183,179,4,5,7,12,12,16,25,25,24,24,23,28,31,34,34,183,162,169,189,195,184,186,191,190,191,,,,,
2026-08-22,164,176,205,192,189,178,188,198,189,180,180,186,188,183,177,4,9,11,10,11,15,21,22,24,23,28,32,32,33,31,165,177,207,194,189,179,202,204,201,188,,,,,
2026-08-23,176,211,190,184,165,175,195,182,164,163,169,174,174,170,170,10,9,9,9,10,18,18,23,23,26,31,31,29,27,27,175,212,196,189,162,174,195,167,157,145,,,,,
2026-08-24,205,194,181,169,184,206,196,183,183,188,187,181,170,163,156,8,8,8,8,17,20,20,20,20,24,26,26,29,33,33,211,195,183,172,186,209,209,188,195,185,,,,,
2026-08-25,193,189,172,182,202,192,180,176,181,183,179,175,166,160,156,8,7,9,17,16,20,21,20,20,21,26,34,33,35,36,195,191,169,178,206,171,172,173,191,192,,,,,
2026-08-26,184,167,179,200,193,176,181,187,187,171,155,145,144,146,146,6,6,13,18,20,23,17,18,24,32,28,31,33,36,35,182,165,174,212,183,163,189,197,192,156,,,,,
2026-08-27,172,182,208,197,180,182,190,196,194,183,168,167,163,158,158,6,14,18,19,21,17,20,22,29,33,35,39,38,38,38,171,180,212,198,182,192,182,194,191,192,,,,,
2026-08-28,182,219,198,177,183,189,199,196,186,175,170,172,169,165,160,12,12,18,14,11,19,20,27,33,33,32,32,28,29,33,180,221,198,180,183,187,198,219,238,176,,,,,
2026-08-29,201,202,170,180,181,191,199,198,192,184,183,171,161,155,148,7,11,16,10,13,16,19,25,31,36,34,33,37,38,39,201,203,173,181,182,189,185,215,185,182,,,,,
2026-08-30,199,165,178,179,190,202,209,202,195,184,168,160,156,149,145,10,13,9,9,15,19,27,36,37,35,31,34,36,37,38,202,172,183,185,203,212,218,232,231,185,,,,,
2026-08-31,159,174,174,187,204,217,191,174,175,164,145,140,138,134,127,9,9,7,15,17,23,29,36,34,31,31,38,35,36,37,155,169,172,191,197,217,188,179,163,135,,,,,
2026-09-01,174,173,177,195,208,184,162,175,163,153,148,142,136,139,145,6,6,14,12,16,24,33,29,28,28,32,32,30,33,35,173,172,173,195,213,187,132,168,171,157,,,,,
2026-09-02,176,175,195,213,193,156,165,157,158,158,156,151,148,145,145,6,11,10,16,19,27,33,21,22,27,34,33,32,34,32,177,183,197,214,208,185,200,172,174,165,,,,,
2026-09-03,174,186,207,202,179,183,160,155,161,163,154,151,148,147,143,9,9,14,16,28,25,18,21,27,31,34,40,35,33,36,183,186,213,209,167,199,164,141,164,194,,,,,
2026-09-04,176,197,202,184,184,157,162,172,162,147,140,140,141,142,135,7,8,12,19,19,15,20,23,32,35,37,32,33,32,33,175,201,208,193,180,154,160,175,138,143,,,,,
2026-09-05,207,207,192,180,161,166,159,133,119,122,128,132,130,124,116,6,10,11,15,11,19,24,26,26,30,32,34,32,35,33,211,199,193,176,169,169,161,111,111,145,,,,,
2026-09-06,198,192,172,158,170,152,120,114,121,129,134,128,118,108,110,11,9,13,9,9,14,14,18,25,25,30,32,35,39,41,194,198,165,159,171,143,110,99,109,123,,,,,
2026-09-07,185,168,159,172,153,122,109,112,118,111,113,114,112,109,109,7,8,7,7,16,12,16,21,19,25,28,33,37,40,37,185,170,163,175,151,132,113,117,117,100,,,,,
2026-09-08,161,158,171,150,118,106,108,115,111,99,101,103,109,107,112,7,5,5,14,9,12,22,19,24,28,31,34,38,39,37,161,159,173,151,117,106,103,112,99,85,,,,,
2026-09-09,157,169,148,117,103,102,111,117,107,104,105,110,116,126,125,4,4,12,7,12,15,16,21,28,34,33,34,36,36,36,158,169,154,117,96,101,107,136,142,115,,,,,
2026-09-10,170,151,114,103,99,108,111,112,114,125,129,134,132,133,127,3,9,8,9,20,15,18,29,38,38,36,35,33,34,35,170,156,112,107,108,107,111,123,148,158,,,,,
2026-09-11,152,114,104,98,109,103,120,134,119,122,137,139,135,134,130,6,7,7,14,15,20,23,28,22,27,28,31,29,29,29,153,117,104,102,111,119,131,153,111,88,,,,,
2026-09-12,111,97,93,114,105,121,130,127,138,149,149,156,159,148,136,5,4,10,10,18,23,26,21,23,25,26,32,34,33,34,112,97,92,118,105,129,157,148,131,155,,,,,
2026-09-13,94,98,112,98,113,130,131,137,143,148,157,158,150,142,136,3,9,10,19,22,27,24,24,21,23,24,26,29,33,38,94,99,113,89,112,144,158,145,150,144,,,,,
2026-09-14,99,112,93,106,129,139,133,138,146,149,147,149,139,132,127,6,7,17,17,27,19,21,19,21,23,24,26,31,38,39,98,113,84,103,134,141,135,142,122,142,,,,,
2026-09-15,112,81,99,120,143,142,144,152,157,157,151,144,140,129,123,5,10,10,22,16,18,17,17,20,24,28,30,32,35,38,115,77,99,118,144,153,146,149,150,160,,,,,
2026-09-16,83,104,130,153,130,142,144,147,150,150,146,138,131,120,116,8,7,13,11,19,15,14,21,25,29,32,40,38,34,38,81,104,137,163,133,144,144,139,160,172,,,,,
2026-09-17,101,133,153,117,128,138,150,155,153,153,145,134,128,119,116,6,10,10,15,16,14,20,21,24,28,32,30,29,29,34,102,127,153,122,131,142,163,157,161,162,,,,,
2026-09-18,134,155,113,119,136,147,161,167,164,144,131,119,115,117,115,6,6,10,9,11,19,18,19,26,38,40,38,34,30,32,133,158,117,120,141,142,168,158,175,172,,,,,
2026-09-19,158,112,118,129,139,157,163,156,128,122,117,116,117,107,100,4,7,7,10,16,16,17,29,35,31,24,30,33,32,33,158,114,120,134,134,158,170,174,115,110,,,,,
2026-09-20,112,117,128,142,163,162,162,127,112,104,104,113,111,104,104,6,6,6,14,12,16,22,32,33,27,30,33,28,34,38,108,119,127,131,155,156,167,111,105,106,,,,,
2026-09-21,116,125,133,154,156,161,127,111,116,120,122,123,110,100,102,6,5,11,9,10,16,25,27,26,25,29,34,35,39,35,118,125,135,154,153,161,131,127,121,126,,,,,
2026-09-22,120,133,154,151,164,130,111,111,115,119,115,106,96,97,96,4,9,8,9,12,19,21,24,26,32,31,34,32,34,35,120,138,161,155,166,135,113,113,130,155,,,,,
2026-09-23,139,157,158,168,119,111,103,102,105,101,93,82,81,86,92,7,7,8,9,12,21,20,27,25,28,28,30,31,38,40,144,160,161,176,123,107,104,86,98,97,,,,,
2026-09-24,150,158,168,123,117,112,112,108,105,91,78,84,98,104,107,7,7,8,11,18,17,23,23,27,22,28,32,31,36,41,151,159,170,129,128,118,130,109,107,117,,,,,
2026-09-25,157,169,122,115,114,122,116,116,92,75,87,99,107,113,118,5,5,9,15,16,17,26,28,25,25,32,31,33,33,34,158,171,123,111,100,116,104,123,122,79,,,,,
2026-09-26,165,120,110,119,128,106,95,94,84,94,106,109,115,119,113,5,6,12,12,19,18,25,25,26,36,35,37,38,38,39,165,121,111,114,122,96,78,94,92,99,,,,,
2026-09-27,118,110,123,125,98,100,102,89,105,113,112,112,110,96,89,5,9,11,14,12,23,23,26,26,26,33,35,41,39,37,119,114,122,120,98,101,124,111,114,104,,,,,
2026-09-28,118,129,116,95,91,101,81,94,111,113,116,115,104,93,87,6,7,11,11,24,20,24,26,32,35,38,35,39,41,43,122,130,114,97,80,101,79,93,106,118,,,,,
2026-09-29,145,114,91,81,97,82,86,122,118,112,110,97,90,100,101,7,10,10,10,14,19,28,26,26,31,34,41,43,40,39,145,111,98,87,98,70,60,110,104,106,,,,,
2026-10-03,106,93,101,128,109,95,80,83,51,40,43,58,60,60,57,5,7,6,11,8,15,27,34,32,35,33,35,34,36,37,108,90,99,127,105,91,97,79,61,88,,,,,
2026-10-04,96,95,127,110,98,98,113,64,48,53,62,64,60,58,58,5,7,9,10,11,24,29,28,29,33,36,35,35,35,32,96,96,127,105,96,133,137,53,58,97,,,,,
2026-10-05,99,127,109,92,92,105,61,42,49,66,70,58,54,61,67,4,7,8,12,24,31,29,27,29,30,36,32,33,34,39,100,131,113,93,99,119,69,55,76,60,,,,,
2026-10-06,126,109,94,107,107,60,34,35,46,56,55,57,65,62,60,5,5,11,17,29,20,15,26,28,28,24,30,29,31,37,127,109,94,119,117,84,49,42,29,28,,,,,
2026-10-07,113,86,107,116,56,32,36,51,59,52,53,68,70,62,56,5,9,15,19,13,11,18,25,28,28,32,34,30,27,32,115,82,106,123,64,31,29,49,45,60,,,,,
2026-10-08,85,103,130,66,43,49,67,64,45,57,70,65,59,57,49,8,9,13,13,10,16,20,23,25,32,31,26,30,34,38,85,108,136,65,45,53,47,64,40,22,,,,,
