init_date,em_d01,em_d02,em_d03,em_d04,em_d05,em_d06,em_d07,em_d08,em_d09,em_d10,em_d11,em_d12,em_d13,em_d14,em_d15,es_d01,es_d02,es_d03,es_d04,es_d05,es_d06,es_d07,es_d08,es_d09,es_d10,es_d11,es_d12,es_d13,es_d14,es_d15,hres_d01,hres_d02,hres_d03,hres_d04,hres_d05,hres_d06,hres_d07,hres_d08,hres_d09,hres_d10,hres_d11,hres_d12,hres_d13,hres_d14,hres_d15
2026-07-17,131,135,169,195,191,191,187,156,122,114,120,127,128,129,124,8,13,13,20,37,34,35,46,53,54,45,46,45,43,45,131,134,165,212,184,191,190,183,133,111,,,,,
2026-07-14,201,184,166,151,137,140,171,192,190,180,167,156,151,151,148,6,12,15,23,35,37,37,34,33,31,32,38,43,42,43,203,185,174,154,145,157,202,239,193,180,,,,,
2026-07-15,176,153,135,129,154,185,198,196,187,179,166,164,157,152,151,10,14,13,24,28,31,30,30,36,42,40,44,45,48,52,173,151,127,109,149,195,183,182,159,182,,,,,
2026-07-16,143,123,124,148,184,184,176,174,165,144,141,148,152,142,142,11,10,17,23,28,37,24,28,41,50,52,50,47,54,49,148,124,121,151,209,214,193,191,171,128,,,,,
2026-07-18,126,168,211,208,201,191,158,116,115,118,112,110,124,137,140,6,7,6,19,23,32,43,51,50,48,50,46,46,44,43,121,169,215,212,199,187,109,100,79,35,,,,,
2026-07-19,175,207,207,209,186,155,86,68,83,101,117,129,129,127,131,5,5,13,15,25,39,47,35,36,46,49,49,45,42,46,177,206,200,207,164,151,55,42,83,134,,,,,
2026-07-20,214,207,206,195,134,51,66,94,100,111,128,137,138,143,137,4,11,15,20,31,23,30,44,48,44,44,39,37,37,43,215,201,203,192,115,42,92,105,56,100,,,,,
2026-07-21,209,208,179,92,59,104,76,83,124,154,166,168,165,157,156,8,13,14,18,21,39,46,38,38,38,35,40,40,44,44,209,204,173,83,56,103,65,117,164,175,,,,,
2026-07-22,213,170,78,69,119,70,93,141,153,153,160,164,157,151,151,11,9,9,13,41,43,23,27,33,41,37,37,41,53,52,220,173,75,66,154,45,86,140,158,127,,,,,
2026-07-23,167,72,65,109,56,80,123,140,141,155,151,143,144,150,147,6,7,9,34,34,21,21,37,38,33,36,41,46,50,47,166,72,64,140,50,55,99,150,89,104,,,,,
2026-07-24,76,62,111,44,69,117,126,123,146,149,153,160,163,161,161,4,9,29,21,17,17,34,37,33,35,36,38,40,45,44,75,64,114,37,78,136,87,126,144,177,,,,,
2026-07-25,75,146,59,63,116,105,113,141,162,174,175,170,166,163,165,6,13,23,19,16,34,36,32,30,28,35,45,47,47,48,76,148,53,44,112,72,71,80,94,148,,,,,
2026-07-26,154,73,53,112,98,116,142,157,167,170,174,173,159,150,139,5,17,13,14,26,25,31,34,33,35,35,33,38,42,48,155,82,54,116,104,104,131,132,164,168,,,,,
2026-07-27,61,51,111,102,121,152,168,183,183,188,185,174,157,146,139,7,10,11,16,21,22,23,26,30,31,39,42,43,49,45,61,44,113,101,129,171,187,207,155,199,,,,,
2026-07-28,58,115,108,108,124,150,175,176,181,181,174,148,139,142,137,6,7,13,14,18,21,23,33,34,34,36,45,48,48,52,58,115,114,110,124,158,192,184,218,166,,,,,
2026-07-29,112,108,108,133,169,166,171,182,171,140,127,127,125,132,139,5,9,11,14,18,23,29,31,41,46,50,48,46,40,36,112,111,109,116,162,162,191,203,200,168,,,,,
2026-07-30,107,99,125,167,166,174,177,164,128,112,124,133,140,137,140,6,7,10,17,26,29,32,32,42,44,42,41,42,43,43,107,100,130,175,149,161,171,177,95,105,,,,,
2026-07-31,99,117,169,150,154,150,151,142,126,127,127,130,136,141,145,6,8,12,19,27,38,39,35,36,39,37,40,42,42,40,103,119,175,153,151,123,158,161,121,111,,,,,
2026-08-01,115,162,146,174,181,162,145,132,127,126,122,117,124,129,125,7,13,17,17,28,26,28,30,36,39,45,50,52,48,48,112,161,132,182,213,174,178,111,115,118,,,,,
2026-08-02,166,143,181,181,179,176,160,149,156,157,155,147,145,144,144,9,14,13,23,19,19,29,32,33,31,40,41,41,43,43,165,138,188,181,182,176,141,108,143,161,,,,,
2026-08-03,147,181,174,170,168,163,144,142,155,154,155,152,147,141,137,8,9,16,14,11,24,36,36,34,39,41,40,41,42,45,146,179,168,166,167,143,111,79,95,129,,,,,
2026-08-04,181,183,184,184,175,154,139,142,150,154,146,144,140,129,122,7,7,7,12,19,36,39,36,43,42,42,42,40,45,43,184,185,187,186,171,116,111,121,122,118,,,,,
2026-08-05,183,180,182,167,147,133,134,140,144,150,147,144,138,127,122,6,7,8,16,25,31,32,32,36,36,38,40,46,45,47,181,183,184,171,134,117,130,133,129,101,,,,,
2026-08-06,182,184,174,134,107,123,136,139,141,137,130,133,132,125,120,4,5,13,16,19,21,27,35,37,41,41,41,45,47,47,183,184,172,124,87,121,144,168,184,190,,,,,
2026-08-07,187,172,134,102,114,133,139,134,131,131,128,127,122,122,122,5,11,13,13,20,25,36,40,41,41,38,39,42,43,44,187,168,135,97,105,144,120,101,138,162,,,,,
2026-08-08,181,138,105,114,146,153,151,158,151,149,146,148,148,146,144,11,9,10,15,13,22,29,37,35,39,44,44,43,42,43,180,139,110,114,153,171,201,192,202,210,,,,,
2026-08-09,141,108,122,147,169,177,170,156,148,141,138,142,140,141,133,6,9,11,12,14,22,31,39,42,43,40,37,37,39,38,142,113,129,162,176,195,138,106,104,125,,,,,
2026-08-10,106,116,147,152,136,143,141,131,130,130,135,134,126,116,111,7,10,10,15,24,31,35,36,35,36,39,37,34,39,39,103,108,146,151,164,174,142,142,144,156,,,,,
2026-08-11,109,142,144,130,142,160,168,164,158,160,148,144,137,125,119,8,9,13,18,19,19,22,30,34,31,32,38,37,36,37,102,139,136,124,129,144,170,177,188,196,,,,,
2026-08-12,138,136,128,148,169,163,158,164,168,161,147,136,123,117,114,7,9,12,17,17,23,31,32,29,28,35,36,43,40,38,138,141,133,150,172,151,160,184,188,162,,,,,
2026-08-13,142,135,145,173,175,180,166,153,141,138,133,122,119,120,116,9,10,12,12,18,31,33,35,34,32,31,31,35,40,39,142,138,141,172,183,193,173,164,158,155,,,,,
2026-08-14,151,141,170,183,190,159,135,136,137,132,124,119,123,120,116,10,9,10,12,18,25,31,24,25,29,30,34,32,31,36,152,140,169,186,188,162,104,116,124,132,,,,,
2026-08-15,149,179,186,182,155,147,135,137,135,127,125,122,116,109,101,6,6,13,14,24,22,26,28,29,28,33,36,38,37,41,150,181,190,188,150,154,170,154,139,111,,,,,
2026-08-16,179,182,166,126,141,138,135,126,110,117,122,112,104,98,95,4,8,13,18,28,29,27,34,34,34,37,39,37,37,40,180,180,167,122,141,141,102,87,78,110,,,,,
2026-08-17,184,157,112,133,151,143,115,90,99,116,122,113,105,99,96,7,15,15,28,22,24,30,31,33,35,38,41,41,41,42,185,150,102,140,170,135,120,111,123,89,,,,,
2026-08-18,152,122,131,157,147,105,91,111,122,107,97,95,95,95,93,7,10,19,16,24,30,29,33,37,37,36,40,46,40,40,155,119,123,162,148,86,104,163,121,113,,,,,
2026-08-19,131,131,157,142,88,83,117,133,111,93,86,94,98,97,96,7,9,12,18,19,23,29,35,36,37,40,45,44,45,44,131,130,165,143,80,83,101,137,138,128,,,,,
2026-08-20,117,154,156,112,107,148,157,122,102,103,95,97,92,91,92,6,10,12,24,24,25,30,38,42,42,42,40,41,44,42,116,144,158,121,120,176,174,103,141,132,,,,,
2026-08-21,160,162,109,91,136,139,92,88,91,85,77,78,83,87,86,8,9,13,22,27,24,28,31,32,33,29,30,37,39,36,166,158,104,90,147,129,116,126,69,20,,,,,
2026-08-22,162,101,93,151,135,95,97,107,88,86,89,97,96,96,95,8,8,13,21,22,23,26,29,29,32,35,37,38,36,39,161,100,100,159,121,108,115,131,117,82,,,,,
2026-08-23,104,95,171,131,69,82,97,94,86,88,88,92,88,83,80,6,6,11,23,16,17,22,27,31,34,38,37,38,40,42,105,92,175,131,54,94,119,120,63,100,,,,,
2026-08-24,95,169,110,71,80,105,97,97,95,92,92,92,88,80,75,4,10,20,15,12,20,20,21,28,33,36,39,40,35,38,94,171,96,64,79,105,93,102,97,116,,,,,
2026-08-25,171,112,68,80,106,104,99,92,90,90,92,86,83,82,77,8,15,12,11,20,17,22,26,28,32,36,34,34,35,32,170,109,63,76,100,81,87,84,79,81,,,,,
2026-08-26,107,68,84,116,95,96,76,71,78,87,92,88,78,72,67,10,9,7,16,22,21,24,24,28,35,38,35,32,34,33,104,72,86,108,89,88,82,81,100,105,,,,,
2026-08-27,71,85,110,77,92,77,77,86,88,90,85,81,80,72,64,6,8,19,15,18,20,22,35,41,45,40,41,40,35,30,73,85,123,71,89,73,84,79,118,70,,,,,
2026-08-28,88,106,76,93,81,86,82,87,86,85,85,78,62,53,54,6,12,10,15,13,15,33,39,41,38,36,35,32,33,40,90,100,77,99,77,80,122,59,55,37,,,,,
2026-08-29,103,70,86,79,78,81,82,82,81,72,71,65,60,61,59,8,6,10,11,17,28,39,45,38,32,34,33,32,33,31,102,68,85,74,85,92,43,33,60,70,,,,,
2026-08-30,64,80,75,68,60,81,86,78,70,71,72,64,60,62,63,5,8,6,13,15,35,34,34,30,34,37,38,38,35,35,64,78,73,70,66,99,125,98,118,125,,,,,
2026-08-31,77,76,74,51,51,54,62,59,60,63,62,58,55,56,56,7,6,13,14,19,25,29,29,35,41,41,32,32,35,35,76,75,77,52,36,47,59,64,61,35,,,,,
2026-09-01,75,73,55,56,62,78,81,86,92,88,81,87,86,81,78,5,11,10,18,17,24,23,26,36,35,30,32,36,35,34,77,74,53,56,72,70,80,85,100,109,,,,,
2026-09-02,69,58,49,60,80,81,81,81,69,70,74,73,63,60,56,7,7,10,12,17,19,21,26,31,34,36,35,31,31,27,68,60,52,57,77,68,65,64,68,78,,,,,
2026-09-03,62,51,63,92,88,91,94,80,84,93,86,74,69,69,70,6,9,11,11,17,19,22,22,24,25,27,26,24,25,26,63,55,66,98,79,100,124,70,79,113,,,,,
2026-09-04,51,65,87,85,92,83,71,83,92,86,78,77,75,71,69,5,7,11,13,17,17,21,31,34,31,28,27,27,26,28,51,70,84,84,112,85,64,107,113,92,,,,,
2026-09-05,62,79,88,97,91,84,104,112,98,86,80,76,74,67,66,5,7,10,13,14,20,30,28,28,29,27,27,28,28,27,63,77,86,113,95,92,106,118,93,73,,,,,
2026-09-06,74,84,107,94,72,108,123,92,75,71,71,71,65,61,59,5,7,10,12,15,23,25,34,29,24,26,31,32,28,29,74,79,102,102,71,108,154,92,56,70,,,,,
2026-09-07,81,103,93,81,118,140,92,82,86,95,88,84,74,66,61,7,8,9,9,13,22,31,30,34,38,37,35,36,33,34,77,101,89,84,127,149,97,84,93,152,,,,,
2026-09-08,93,86,79,113,133,79,56,56,90,91,79,71,68,60,54,6,6,8,11,15,25,23,27,41,37,34,36,38,37,35,92,86,77,112,146,81,30,48,124,129,,,,,
2026-09-09,89,79,112,130,87,58,49,62,69,63,54,50,47,48,46,5,5,9,13,20,23,21,36,35,36,31,32,31,30,29,87,80,115,133,93,56,42,93,65,39,,,,,
2026-09-10,86,113,132,93,61,49,67,73,63,49,38,34,34,33,30,4,8,11,14,16,21,36,40,36,33,25,27,26,27,32,89,115,133,97,68,71,72,100,28,8,,,,,
2026-09-11,113,136,84,51,49,76,68,59,48,43,38,37,34,36,39,7,7,15,11,14,33,32,27,24,24,24,24,25,25,32,115,142,89,46,48,86,70,85,48,44,,,,,
2026-09-12,135,86,41,36,41,55,50,42,35,31,24,25,28,32,33,6,12,8,10,21,30,24,23,25,26,20,21,27,30,29,137,88,45,30,22,33,55,61,40,45,,,,,
2026-09-13,90,43,36,50,48,41,41,36,35,33,33,31,31,28,24,9,6,8,21,28,22,21,20,22,22,21,23,28,28,23,86,44,33,59,34,37,42,44,60,39,,,,,
2026-09-14,41,38,67,64,61,52,51,49,49,46,41,44,42,39,29,6,7,9,20,17,15,15,17,20,24,21,28,29,29,25,39,35,70,62,63,53,63,63,56,41,,,,,
2026-09-15,32,63,70,66,62,51,49,52,55,47,42,42,36,29,25,6,7,14,19,14,11,14,14,17,21,27,30,26,23,26,31,61,68,58,61,38,28,39,40,70,,,,,
2026-09-16,60,69,83,64,49,41,48,45,44,50,53,41,30,25,22,6,13,12,12,10,13,13,16,21,30,32,31,29,25,24,62,74,89,57,45,39,60,64,21,26,,,,,
2026-09-17,79,89,66,54,37,49,47,47,48,49,44,34,31,27,22,8,8,9,11,12,13,13,21,28,28,25,22,23,21,18,77,87,63,54,32,41,49,26,13,27,,,,,
2026-09-18,76,65,55,40,48,44,41,48,45,37,29,23,23,20,19,6,7,9,9,13,10,15,20,26,20,18,19,19,23,21,75,63,53,39,50,42,35,45,36,41,,,,,
2026-09-19,63,52,36,50,47,39,44,48,35,26,15,11,10,11,12,5,5,7,10,10,13,13,22,20,22,19,20,19,22,22,63,55,33,54,50,33,51,42,35,9,,,,,
2026-09-20,52,35,51,50,34,39,44,40,29,20,15,14,10,9,11,3,6,7,8,13,15,20,19,20,17,17,17,20,22,23,51,33,51,49,33,37,36,26,28,30,,,,,
2026-09-21,35,51,50,36,39,43,37,28,18,15,15,15,13,11,7,4,5,7,9,9,15,16,12,12,15,17,17,16,18,20,36,50,51,40,43,48,46,29,14,12,,,,,
2026-09-22,53,48,38,35,44,43,35,28,26,23,22,22,21,17,13,5,6,10,10,14,18,19,12,15,18,17,19,19,18,18,52,46,35,28,44,55,31,23,18,14,,,,,
2026-09-23,47,33,28,32,32,24,21,21,15,13,15,16,15,10,5,5,9,8,9,12,12,13,14,17,18,17,19,18,19,19,44,34,26,37,45,25,12,10,8,9,,,,,
2026-09-24,41,32,32,34,26,22,19,14,14,12,15,10,8,7,5,7,7,8,9,10,11,14,16,17,15,18,17,17,22,29,41,26,31,33,23,17,16,17,5,8,,,,,
2026-09-25,27,25,27,21,18,19,14,15,12,18,14,11,9,6,1,5,6,9,10,7,10,10,13,13,19,20,19,16,23,17,27,24,28,18,18,25,27,10,22,29,,,,,
2026-09-26,29,26,16,18,14,12,12,11,13,9,4,4,4,1,-4,5,6,7,5,8,11,12,12,14,14,14,17,17,19,20,27,25,10,13,9,-1,6,12,12,17,,,,,
2026-09-27,27,13,16,7,11,14,6,6,4,5,3,4,1,1,-1,6,5,4,11,11,12,14,16,16,18,16,17,18,20,24,28,12,17,11,22,12,-2,-11,3,9,,,,,
2026-09-28,19,17,6,13,11,0,-9,-9,-4,-2,-5,-5,-2,-5,-7,6,4,8,7,9,14,16,16,17,18,21,19,21,24,28,22,18,4,15,13,-22,-9,-19,-6,-2,,,,,
2026-09-29,13,5,11,9,-8,-15,-7,-2,-3,0,-1,2,2,-6,-18,3,4,6,6,13,15,15,16,17,13,15,15,20,26,28,11,5,13,8,-2,-15,6,-21,-24,-12,,,,,
2026-10-03,-8,-6,5,-3,-13,-22,-29,-14,-12,-1,-1,-9,-9,-8,-19,5,5,4,8,11,18,27,35,36,34,33,31,27,32,35,-8,-5,8,0,-19,-27,-48,-18,-23,-13,,,,,
2026-10-04,-11,6,0,-6,-17,-26,-24,-14,-15,-15,-24,-35,-34,-41,-49,5,4,6,9,14,21,28,27,25,25,27,33,37,38,44,-12,6,3,-2,-20,-14,-23,-29,-28,-49,,,,,
2026-10-05,-2,-1,-9,-23,-46,-23,-1,-5,-6,-13,-26,-21,-21,-28,-35,3,5,7,11,20,22,23,22,24,24,27,31,34,39,36,-3,2,-8,-22,-57,-16,3,11,30,-4,,,,,
2026-10-06,0,-7,-27,-58,-20,1,1,0,-8,-18,-19,-22,-33,-39,-32,3,5,6,13,25,25,22,21,22,23,24,26,37,39,44,0,-6,-29,-56,-13,11,19,-16,-1,-14,,,,,
2026-10-07,-8,-29,-63,-24,0,8,-7,-7,-22,-25,-28,-38,-44,-50,-52,3,5,10,16,19,18,18,21,19,21,28,34,31,39,40,-8,-28,-62,-25,5,20,-24,8,-30,-16,,,,,
2026-10-08,-35,-70,-25,2,7,-5,-14,-30,-25,-26,-40,-51,-58,-68,-67,4,10,13,16,14,15,17,21,19,25,33,40,42,47,52,-35,-68,-30,-4,7,3,-20,-63,-20,-11,,,,,
