init_date,em_d01,em_d02,em_d03,em_d04,em_d05,em_d06,em_d07,em_d08,em_d09,em_d10,em_d11,em_d12,em_d13,em_d14,em_d15,es_d01,es_d02,es_d03,es_d04,es_d05,es_d06,es_d07,es_d08,es_d09,es_d10,es_d11,es_d12,es_d13,es_d14,es_d15,hres_d01,hres_d02,hres_d03,hres_d04,hres_d05,hres_d06,hres_d07,hres_d08,hres_d09,hres_d10,hres_d11,hres_d12,hres_d13,hres_d14,hres_d15
2026-07-17,181,181,176,190,176,151,168,168,165,167,176,184,187,191,193,10,10,11,16,21,19,13,19,24,29,34,33,30,31,30,186,179,175,204,190,158,172,187,187,195,,,,,
2026-07-14,257,224,199,183,193,196,193,165,151,155,162,167,172,174,174,6,6,10,13,18,19,26,27,24,23,23,27,29,32,30,259,228,199,190,169,192,194,127,135,149,,,,,
2026-07-15,220,192,178,180,175,183,170,154,164,171,176,178,171,167,169,5,7,15,16,17,23,26,21,19,22,27,27,31,29,27,222,192,184,178,170,186,169,156,178,176,,,,,
2026-07-16,191,174,188,183,193,171,157,171,178,175,171,168,167,169,178,5,14,11,12,18,25,21,20,22,28,30,30,35,31,29,192,180,186,177,203,170,153,177,196,189,,,,,
2026-07-18,172,170,181,169,145,165,174,169,173,173,175,181,189,194,198,6,6,13,14,13,9,21,30,32,33,29,29,26,27,31,171,168,174,162,140,166,183,153,201,233,,,,,
2026-07-19,161,178,167,143,166,172,168,177,175,179,182,186,191,189,188,4,11,13,13,8,15,23,32,31,30,28,28,28,29,29,162,177,158,148,170,163,160,194,237,225,,,,,
2026-07-20,183,164,130,162,183,197,188,164,156,163,177,189,193,193,188,9,10,17,8,14,16,25,29,26,28,25,26,30,32,30,185,164,142,164,193,200,184,139,125,152,,,,,
2026-07-21,149,139,165,195,197,186,171,175,179,177,175,169,173,176,178,6,7,5,8,13,26,30,31,28,29,30,29,31,34,34,147,141,166,196,195,214,218,171,140,159,,,,,
2026-07-22,142,163,198,188,192,193,180,179,184,171,160,165,171,179,172,4,5,7,11,18,23,24,25,23,26,27,28,30,29,27,144,163,200,186,193,183,173,168,202,198,,,,,
2026-07-23,165,196,185,196,192,171,167,180,178,169,165,174,185,183,179,4,5,9,15,19,21,22,25,32,27,28,29,32,31,30,166,197,184,200,202,164,156,178,203,209,,,,,
2026-07-24,195,179,200,200,182,181,196,195,177,170,175,183,179,169,169,4,8,10,13,18,19,19,23,21,23,20,26,29,35,32,195,176,203,201,169,180,200,202,167,153,,,,,
2026-07-25,175,194,190,167,164,188,206,201,189,196,206,198,183,182,180,10,10,14,16,15,15,16,16,23,25,25,32,32,27,28,174,190,199,174,164,182,197,190,183,203,,,,,
2026-07-26,196,194,177,181,203,212,201,189,198,209,202,187,188,192,192,7,10,9,11,9,16,17,22,23,23,26,31,34,38,37,196,199,181,177,201,215,210,181,184,224,,,,,
2026-07-27,193,179,179,193,210,204,186,194,212,203,178,172,178,181,177,9,8,10,12,15,15,21,26,23,23,23,21,28,31,27,193,181,185,197,215,198,200,208,223,217,,,,,
2026-07-28,176,178,201,217,193,174,189,211,209,196,192,184,179,179,180,6,7,8,15,16,20,17,18,19,25,28,31,28,30,33,174,178,206,218,178,152,172,191,206,172,,,,,
2026-07-29,184,206,215,189,176,191,211,202,189,188,191,182,175,173,173,4,4,12,13,13,13,12,20,21,21,23,26,28,30,32,184,207,216,191,171,182,201,198,188,195,,,,,
2026-07-30,209,220,184,171,185,203,199,184,187,186,183,175,173,173,170,5,11,13,10,9,13,16,20,24,20,24,25,29,29,30,211,226,183,177,183,196,200,193,177,179,,,,,
2026-07-31,213,185,175,183,198,196,182,187,195,190,180,168,167,169,168,10,12,8,8,8,15,18,18,18,21,22,22,22,25,28,212,195,177,182,200,183,170,182,204,188,,,,,
2026-08-01,189,175,185,198,194,182,194,188,183,178,175,172,168,164,164,8,4,5,8,14,16,17,21,22,21,19,22,25,24,26,194,176,186,199,205,176,193,190,169,167,,,,,
2026-08-02,179,183,201,186,179,197,200,188,181,176,173,168,168,172,170,5,5,12,14,9,16,25,25,25,22,20,22,23,26,30,181,184,203,193,173,199,203,185,161,185,,,,,
2026-08-03,190,204,186,183,204,210,202,193,182,173,171,170,170,169,173,4,11,11,8,12,20,26,26,22,20,22,24,27,31,30,190,202,190,185,215,211,196,216,199,173,,,,,
2026-08-04,203,179,180,213,190,168,167,162,150,147,153,160,164,170,171,7,9,7,7,10,11,14,16,19,18,19,24,26,29,29,204,182,182,213,186,169,173,157,135,139,,,,,
2026-08-05,176,180,207,185,168,166,172,163,154,149,154,160,159,156,159,6,7,5,7,7,13,9,17,20,20,19,23,25,28,28,178,181,206,186,165,164,172,170,167,157,,,,,
2026-08-06,180,205,189,174,172,177,165,152,148,152,155,158,156,157,161,4,5,6,7,10,9,16,18,17,18,23,26,26,29,30,180,204,194,177,173,179,154,150,131,143,,,,,
2026-08-07,204,190,170,172,174,164,151,148,150,151,159,166,174,174,172,4,5,9,8,7,14,18,20,18,17,16,21,23,28,32,205,193,174,171,176,170,164,171,164,127,,,,,
2026-08-08,186,172,171,173,167,155,148,154,162,171,174,167,162,156,159,4,10,8,6,12,15,15,15,16,15,19,27,31,32,32,186,175,172,173,171,177,175,186,158,172,,,,,
2026-08-09,172,173,172,164,155,155,162,169,171,172,177,177,174,172,166,8,5,4,11,11,14,14,17,19,19,24,28,31,34,35,172,172,173,162,155,160,153,177,165,178,,,,,
2026-08-10,174,171,171,162,154,160,169,171,176,181,180,171,167,167,164,4,4,8,12,12,13,14,16,16,24,34,35,35,34,34,172,170,169,163,154,153,162,172,170,182,,,,,
2026-08-11,174,166,160,153,166,173,177,173,169,161,160,159,155,154,160,4,9,11,11,13,16,12,16,23,26,30,30,32,31,30,174,166,162,152,168,180,178,177,168,165,,,,,
2026-08-12,172,172,168,177,180,180,177,168,163,164,155,155,156,156,155,7,7,12,12,14,11,12,20,28,30,28,30,32,35,35,174,173,165,155,168,174,175,161,156,194,,,,,
2026-08-13,169,165,178,180,182,178,163,150,156,161,161,160,161,164,165,5,7,9,14,10,14,22,24,23,25,29,30,33,32,34,167,166,179,170,179,182,154,145,161,181,,,,,
2026-08-14,166,175,181,179,171,153,148,160,170,175,176,176,165,158,157,5,8,13,8,14,19,18,19,22,26,31,31,33,33,32,164,174,188,177,172,139,133,160,179,177,,,,,
2026-08-15,182,184,178,165,147,143,157,167,168,177,181,173,165,164,164,6,9,6,12,11,12,18,20,26,29,33,32,35,38,38,183,194,179,163,145,143,178,165,147,142,,,,,
2026-08-16,185,177,163,146,140,152,154,145,152,164,166,163,163,164,162,7,5,8,7,7,16,19,22,23,25,27,31,32,32,35,187,177,162,150,143,153,161,142,159,176,,,,,
2026-08-17,175,162,146,145,153,151,137,142,155,162,160,159,158,157,153,5,7,6,7,18,18,20,19,19,22,25,30,33,32,33,178,165,146,146,153,158,168,171,185,185,,,,,
2026-08-18,165,145,144,154,159,144,146,158,165,161,164,165,165,161,162,7,5,7,16,14,20,19,18,19,25,26,27,29,33,35,167,143,146,141,173,147,149,162,168,163,,,,,
2026-08-19,146,145,158,163,138,139,152,165,160,158,163,169,163,162,166,4,7,13,11,12,14,16,19,26,25,29,33,37,38,40,147,147,155,172,132,148,158,168,133,112,,,,,
2026-08-20,145,160,164,135,134,153,163,148,135,130,132,134,138,143,149,4,11,9,10,12,11,17,26,26,25,28,29,32,33,34,146,165,169,131,129,148,176,149,122,110,,,,,
2026-08-21,172,162,135,134,153,162,167,162,167,169,167,159,152,151,153,10,9,9,11,8,15,19,26,29,27,30,29,30,29,30,173,169,130,143,153,154,157,154,184,188,,,,,
2026-08-22,152,128,133,158,162,163,154,150,160,159,152,146,151,160,163,7,7,12,8,13,14,22,24,26,28,28,27,29,29,30,153,129,126,161,169,167,138,118,143,159,,,,,
2026-08-23,120,130,159,160,160,132,137,158,162,147,132,131,140,152,156,4,8,6,10,9,14,18,22,26,27,28,28,28,30,33,119,130,163,166,160,130,145,173,175,120,,,,,
2026-08-24,136,160,162,154,135,149,173,178,174,168,170,173,173,168,156,6,5,7,10,11,16,21,26,28,31,30,29,27,28,30,138,162,164,153,129,150,182,169,170,169,,,,,
2026-08-25,157,159,150,130,140,168,175,174,167,163,164,168,160,152,146,6,6,8,8,10,17,21,26,26,26,24,25,28,30,29,156,160,154,135,147,168,189,186,168,167,,,,,
2026-08-26,161,149,129,145,174,179,189,181,178,180,178,170,160,156,150,7,7,7,9,15,20,21,21,21,24,27,30,32,34,34,161,153,129,147,193,178,209,181,176,197,,,,,
2026-08-27,149,132,143,169,180,188,179,171,175,181,176,168,163,163,156,6,7,8,16,17,19,20,17,22,27,32,33,37,41,39,150,131,133,165,158,195,195,183,163,157,,,,,
2026-08-28,129,145,178,180,201,181,168,168,175,177,170,160,157,154,149,6,5,11,17,15,17,17,19,23,22,28,34,31,34,35,128,144,186,176,218,199,160,151,156,179,,,,,
2026-08-29,146,168,168,202,178,167,168,174,176,168,167,171,166,152,143,4,10,13,13,15,13,15,19,24,31,31,29,33,34,39,145,169,169,205,188,155,153,167,176,184,,,,,
2026-08-30,174,171,201,176,167,169,172,172,169,169,168,151,140,137,139,5,10,9,11,11,14,14,20,26,29,35,43,44,41,42,173,166,204,176,166,170,168,171,173,184,,,,,
2026-08-31,168,205,182,165,166,168,173,165,159,156,141,122,118,127,128,7,8,9,8,8,12,13,24,33,34,35,36,37,39,36,166,204,187,159,165,158,171,166,181,125,,,,,
2026-09-01,206,188,167,163,165,168,140,134,144,138,127,127,127,123,125,4,8,7,7,10,19,32,39,40,36,36,38,39,33,34,205,186,161,157,166,176,127,117,194,187,,,,,
2026-09-02,187,166,163,159,172,160,135,156,145,136,135,136,145,139,138,5,6,7,6,9,26,36,39,33,29,33,37,38,41,39,187,162,162,158,172,171,176,194,147,122,,,,,
2026-09-03,165,165,159,170,164,150,174,153,123,132,144,141,144,131,129,5,6,6,10,22,29,28,31,32,32,34,36,37,35,43,164,168,160,171,166,145,190,128,84,102,,,,,
2026-09-04,163,157,165,164,150,178,143,132,148,152,152,140,134,131,128,6,5,8,18,23,15,20,26,32,40,47,41,43,45,38,164,158,164,173,147,190,116,121,160,152,,,,,
2026-09-05,159,162,168,154,177,135,128,140,127,108,105,112,115,113,111,4,7,12,15,14,20,29,33,32,32,31,33,34,37,37,159,157,175,150,178,129,113,170,131,109,,,,,
2026-09-06,163,168,155,175,130,140,158,135,117,120,121,123,116,107,102,6,12,12,10,14,18,20,31,27,28,29,28,35,36,35,159,175,159,172,125,132,153,123,132,116,,,,,
2026-09-07,174,160,178,136,145,166,144,128,128,118,108,100,98,92,91,6,9,8,11,16,18,26,28,32,24,26,28,33,38,39,174,156,181,133,142,162,121,119,128,105,,,,,
2026-09-08,167,174,132,149,166,137,120,138,126,119,102,95,96,94,99,7,5,9,12,14,22,21,28,18,26,33,32,35,36,37,170,175,134,144,171,137,117,147,132,104,,,,,
2026-09-09,178,126,148,165,133,120,147,122,130,118,100,92,98,103,110,5,7,6,11,11,18,26,15,19,33,36,36,32,33,34,180,128,150,170,138,121,142,116,129,128,,,,,
2026-09-10,123,153,165,128,112,137,123,119,102,99,102,108,114,115,122,6,4,8,9,11,21,16,18,31,31,33,35,36,37,36,123,153,166,123,109,142,123,106,110,137,,,,,
2026-09-11,147,164,127,110,138,133,121,118,112,90,92,106,117,121,122,3,7,6,8,16,15,20,24,29,23,25,30,33,35,39,148,167,131,106,142,132,121,140,137,70,,,,,
2026-09-12,160,122,108,136,132,129,120,107,90,99,114,125,131,133,130,7,7,4,11,14,17,29,31,25,28,27,30,29,32,34,160,125,110,141,129,139,142,139,87,69,,,,,
2026-09-13,120,108,137,129,134,119,116,108,110,116,123,129,133,139,128,6,4,9,8,14,25,29,26,29,25,26,26,26,30,35,124,110,138,131,135,98,108,122,126,142,,,,,
2026-09-14,106,135,127,136,118,125,114,109,113,120,130,129,127,125,114,3,9,7,11,20,25,24,28,28,23,22,25,32,36,43,105,131,130,135,108,110,115,100,70,74,,,,,
2026-09-15,132,127,132,98,107,117,106,111,122,130,135,138,135,125,117,4,7,7,10,13,18,23,22,22,23,23,25,30,37,44,132,130,133,101,107,119,114,120,127,141,,,,,
2026-09-16,128,129,97,106,108,91,98,114,127,131,132,128,122,117,113,6,7,7,8,15,18,19,23,24,24,29,36,38,44,43,130,132,97,105,103,88,95,104,147,150,,,,,
2026-09-17,133,95,104,104,73,82,98,111,118,115,109,111,115,111,110,5,7,8,13,10,9,14,18,20,27,32,33,35,38,36,133,97,104,106,69,81,99,114,121,95,,,,,
2026-09-18,93,103,102,69,79,93,102,115,122,118,119,123,118,120,117,4,7,9,8,9,12,14,15,21,29,29,33,33,34,38,95,102,106,62,70,85,99,108,122,138,,,,,
2026-09-19,98,99,67,84,96,105,113,123,124,121,117,112,106,108,97,4,7,8,9,9,10,12,12,21,28,30,33,37,40,36,98,102,65,82,93,109,113,129,136,149,,,,,
2026-09-20,98,66,84,98,104,112,122,123,124,123,115,105,111,111,100,6,5,7,7,7,11,14,18,27,30,30,33,38,38,41,98,69,85,98,105,113,121,123,129,136,,,,,
2026-09-21,66,86,96,104,112,120,124,128,125,124,119,119,120,110,98,4,4,4,5,10,10,14,22,31,34,36,35,38,40,40,66,86,97,105,101,112,117,125,134,143,,,,,
2026-09-22,84,99,106,112,119,122,133,133,122,117,117,121,108,95,92,3,4,4,7,10,12,21,27,31,35,41,38,39,40,39,84,99,106,111,118,120,130,146,155,155,,,,,
2026-09-23,98,105,110,118,122,128,131,128,115,102,98,92,81,76,74,3,4,7,9,8,14,21,28,35,33,33,31,29,35,37,98,107,110,119,116,123,149,123,64,23,,,,,
2026-09-24,108,126,135,132,133,139,138,127,111,107,93,75,78,84,78,3,6,9,8,10,11,21,31,29,33,30,30,31,35,37,109,126,132,125,130,132,134,117,103,83,,,,,
2026-09-25,125,137,132,132,134,148,138,117,122,98,67,72,74,74,79,4,8,7,7,11,16,23,26,34,29,23,32,34,34,38,127,136,131,133,121,155,139,114,115,103,,,,,
2026-09-26,137,134,130,136,146,137,108,93,83,69,75,84,83,82,84,6,7,8,9,12,24,22,25,25,28,32,34,39,40,38,139,138,126,135,157,158,100,86,76,49,,,,,
2026-09-27,133,134,135,153,143,97,88,84,72,88,90,80,76,75,68,5,8,7,10,16,18,18,24,29,30,31,36,42,43,39,133,136,133,156,145,87,85,92,97,93,,,,,
2026-09-28,126,135,151,144,95,86,85,64,76,84,83,80,79,72,65,7,5,8,11,12,16,24,27,30,30,38,41,41,40,42,128,134,148,151,98,86,87,67,106,121,,,,,
2026-09-29,136,148,147,97,81,83,58,67,97,89,79,75,65,65,74,4,6,10,12,10,16,22,31,31,35,42,45,43,38,35,137,149,150,94,79,79,39,50,106,96,,,,,
2026-10-03,81,92,54,67,102,76,65,66,90,70,41,38,54,53,45,3,7,8,11,12,16,17,29,51,48,40,32,37,36,31,81,92,55,70,100,81,83,82,44,41,,,,,
2026-10-04,92,54,61,97,73,63,83,127,96,62,58,66,60,55,51,4,6,11,11,12,15,29,38,47,43,38,36,41,36,38,92,55,61,96,72,73,99,153,86,78,,,,,
2026-10-05,54,64,102,66,52,77,126,94,64,61,68,72,58,51,56,5,8,10,11,16,31,39,55,44,35,42,41,36,36,38,55,64,103,67,50,82,143,154,125,109,,,,,
2026-10-06,63,100,68,59,106,149,101,49,44,53,61,52,52,60,60,6,7,8,13,30,43,54,39,35,36,30,29,32,33,36,66,101,72,62,136,180,159,90,44,43,,,,,
2026-10-07,100,69,60,122,171,103,27,33,43,51,45,45,58,63,60,7,6,9,18,16,38,20,21,23,30,29,33,33,31,34,104,73,60,138,171,113,12,35,26,34,,,,,
