init_date,em_d01,em_d02,em_d03,em_d04,em_d05,em_d06,em_d07,em_d08,em_d09,em_d10,em_d11,em_d12,em_d13,em_d14,em_d15,es_d01,es_d02,es_d03,es_d04,es_d05,es_d06,es_d07,es_d08,es_d09,es_d10,es_d11,es_d12,es_d13,es_d14,es_d15,hres_d01,hres_d02,hres_d03,hres_d04,hres_d05,hres_d06,hres_d07,hres_d08,hres_d09,hres_d10,hres_d11,hres_d12,hres_d13,hres_d14,hres_d15
2026-07-17,218,240,240,204,197,209,213,222,233,241,236,229,222,216,215,6,13,12,9,11,14,18,23,30,28,25,27,28,30,30,219,222,232,199,199,212,220,239,248,250,,,,,
2026-07-14,203,199,194,210,229,223,205,193,192,195,197,197,197,201,198,6,11,13,13,16,18,15,20,21,21,24,28,29,29,29,203,201,187,206,231,217,207,191,201,223,,,,,
2026-07-15,197,193,211,228,236,208,196,199,205,205,202,197,195,199,200,8,9,10,11,16,15,14,17,19,21,28,28,27,27,25,197,189,210,229,238,201,193,206,210,194,,,,,
2026-07-16,204,215,233,238,206,198,207,215,215,219,220,217,214,214,212,7,7,9,14,12,14,16,18,24,31,32,28,29,33,33,204,219,238,236,206,200,216,226,212,196,,,,,
2026-07-18,240,235,208,201,213,219,234,244,244,236,232,233,227,217,214,13,10,9,10,12,16,20,26,24,22,27,30,34,36,31,245,234,210,201,220,212,243,273,249,229,,,,,
2026-07-19,238,205,195,209,222,242,254,247,234,233,233,228,224,215,205,6,8,7,10,14,19,23,23,24,30,32,32,38,37,33,239,210,199,216,229,250,265,251,251,226,,,,,
2026-07-20,203,193,210,225,246,247,242,238,243,242,234,223,211,202,207,5,5,9,12,18,16,18,22,23,31,33,34,34,29,30,205,195,215,231,253,246,233,213,244,262,,,,,
2026-07-21,189,209,230,242,245,248,240,237,230,226,234,232,217,208,208,4,6,8,14,14,19,24,28,32,30,33,32,32,30,33,189,211,232,243,255,253,208,196,240,207,,,,,
2026-07-22,209,232,238,249,254,236,230,226,213,219,224,220,198,191,198,6,7,12,10,17,15,22,28,25,30,31,33,32,29,35,208,232,242,254,252,239,218,259,202,226,,,,,
2026-07-23,233,241,253,258,239,234,241,228,235,241,236,210,202,203,204,6,10,8,13,13,18,24,23,22,29,31,31,35,44,42,235,245,256,260,235,229,266,255,227,231,,,,,
2026-07-24,240,250,251,237,226,250,218,224,233,227,210,197,199,202,206,8,7,11,12,13,19,21,22,27,30,33,35,39,39,37,244,250,246,237,233,265,225,200,218,208,,,,,
2026-07-25,239,240,230,233,252,226,229,243,238,197,181,186,193,199,198,5,7,10,12,16,19,19,26,33,28,27,34,39,34,34,241,242,221,226,258,222,229,245,267,204,,,,,
2026-07-26,235,230,230,246,217,226,245,245,196,182,190,202,209,204,199,5,7,10,15,17,17,19,27,21,22,33,36,38,38,36,234,231,229,247,222,232,246,260,201,200,,,,,
2026-07-27,220,223,245,217,218,228,252,195,174,176,194,203,199,196,196,7,9,11,14,13,15,25,25,19,24,30,36,36,32,30,220,227,246,221,224,219,249,190,174,172,,,,,
2026-07-28,221,238,213,225,242,244,180,182,196,201,205,205,199,201,200,6,9,9,16,18,17,17,21,26,28,30,36,29,32,36,220,240,211,222,248,244,173,169,185,203,,,,,
2026-07-29,239,210,233,251,254,177,172,193,210,215,212,207,213,213,209,7,6,12,13,15,15,17,17,23,28,30,30,36,35,29,240,208,241,253,246,175,161,182,205,188,,,,,
2026-07-30,203,223,247,255,175,165,189,209,214,218,221,225,218,211,211,4,9,9,11,12,14,17,26,29,30,31,35,37,33,29,204,224,254,260,164,165,206,228,199,199,,,,,
2026-07-31,225,236,247,166,164,195,222,227,216,201,197,203,205,200,196,6,7,10,13,15,16,22,25,25,24,29,33,31,33,36,227,238,250,156,152,179,226,216,189,199,,,,,
2026-08-01,229,246,164,163,200,209,206,204,201,196,191,194,196,197,203,7,9,11,11,18,23,27,24,22,26,26,25,27,33,36,229,250,163,160,170,183,182,166,174,188,,,,,
2026-08-02,244,160,164,185,206,212,205,194,188,189,193,201,207,201,201,7,11,8,17,21,30,30,28,23,24,22,25,29,34,31,248,163,169,180,212,221,216,233,202,199,,,,,
2026-08-03,150,158,181,195,199,196,186,182,184,188,191,196,202,205,205,8,7,13,15,25,26,19,20,24,26,28,32,33,30,28,151,160,175,196,180,184,193,182,185,169,,,,,
2026-08-04,152,182,177,161,166,166,170,177,182,184,185,190,193,195,196,6,8,16,7,10,19,16,18,22,26,33,35,34,33,35,151,187,175,161,165,148,162,174,200,186,,,,,
2026-08-05,181,172,160,165,161,171,181,179,181,181,181,187,191,190,195,7,10,6,9,16,15,16,19,21,27,28,30,30,29,31,182,176,160,161,160,160,169,183,166,136,,,,,
2026-08-06,163,157,167,163,172,182,176,168,169,171,176,182,188,194,201,8,5,8,15,14,14,17,19,20,25,28,27,29,29,30,163,154,169,151,171,182,169,168,165,184,,,,,
2026-08-07,152,164,155,165,177,171,158,158,169,183,193,196,191,196,198,6,7,13,12,11,13,19,22,24,28,27,24,28,31,32,152,166,154,165,183,177,152,151,153,169,,,,,
2026-08-08,166,150,164,177,168,157,159,167,175,188,193,192,194,196,190,6,11,11,11,11,16,19,20,19,23,25,27,31,34,30,168,150,163,186,171,151,152,165,185,198,,,,,
2026-08-09,159,165,175,167,162,162,167,180,194,199,198,197,196,190,187,10,10,10,9,14,19,19,17,21,23,26,31,33,32,30,159,168,175,165,158,163,153,156,182,185,,,,,
2026-08-10,154,170,167,158,155,161,174,190,195,188,185,187,188,192,193,6,10,8,13,18,16,16,17,23,29,33,34,31,30,28,153,173,168,164,152,145,173,196,211,165,,,,,
2026-08-11,168,165,161,162,167,171,191,188,184,178,177,182,185,192,194,8,8,10,14,13,12,14,18,25,23,26,29,28,29,30,162,169,167,174,169,172,194,196,190,179,,,,,
2026-08-12,161,162,159,164,169,184,183,188,184,181,187,188,188,194,195,6,7,12,12,13,15,19,22,26,30,33,35,33,36,37,162,167,157,168,166,194,172,181,165,165,,,,,
2026-08-13,156,165,165,171,186,163,172,187,192,194,198,197,198,198,195,5,12,8,11,12,18,22,23,22,24,29,31,31,35,35,156,166,167,174,191,176,189,209,199,186,,,,,
2026-08-14,165,165,170,182,162,171,190,199,209,211,203,195,200,196,193,7,7,9,11,15,21,19,18,23,30,27,28,32,36,35,167,163,172,182,170,175,193,203,204,215,,,,,
2026-08-15,163,173,171,157,183,202,202,210,218,205,195,199,194,182,181,7,6,13,15,19,18,16,24,26,23,29,34,36,34,35,161,175,166,159,190,206,204,198,210,193,,,,,
2026-08-16,182,162,161,191,205,192,199,219,213,203,201,202,192,187,182,5,12,11,13,12,14,22,26,23,25,26,32,31,30,32,181,164,162,197,211,196,221,243,215,212,,,,,
2026-08-17,166,163,200,202,185,190,211,207,203,206,210,194,185,184,185,7,9,12,11,11,20,19,19,23,23,29,28,27,32,36,166,160,198,206,187,197,236,216,212,232,,,,,
2026-08-18,168,199,198,186,187,211,205,200,205,206,198,194,187,179,172,6,9,7,10,16,21,18,18,25,30,31,30,33,34,36,167,203,199,187,191,232,208,199,206,225,,,,,
2026-08-19,201,199,191,190,216,217,199,200,200,191,188,188,186,175,174,6,5,8,11,21,20,20,24,31,31,30,35,36,36,38,201,200,194,188,217,223,197,181,201,203,,,,,
2026-08-20,197,189,197,231,224,190,173,177,178,181,182,183,188,193,189,5,6,8,17,21,17,23,33,37,37,33,28,34,35,37,196,189,197,224,218,175,144,147,151,137,,,,,
2026-08-21,189,191,222,215,200,195,202,199,201,191,188,193,196,191,188,4,5,17,15,14,22,23,26,28,30,30,35,35,40,41,189,192,218,209,202,183,215,176,176,191,,,,,
2026-08-22,191,220,210,202,187,204,212,203,191,189,201,204,195,187,178,4,16,13,11,12,18,23,21,24,26,30,31,32,34,35,191,230,220,212,195,215,238,214,207,204,,,,,
2026-08-23,214,198,196,179,192,213,200,175,168,179,188,187,178,177,181,13,12,7,7,11,16,20,26,24,28,32,30,30,31,34,220,201,199,181,194,218,194,169,163,192,,,,,
2026-08-24,203,196,185,206,230,215,189,187,194,198,188,179,167,165,160,9,5,7,10,18,18,23,23,27,30,34,29,35,38,37,207,197,187,206,236,217,192,192,194,199,,,,,
2026-08-25,191,185,204,228,204,181,177,188,189,183,177,172,166,164,159,6,5,8,12,17,23,26,25,28,27,28,32,36,37,35,194,186,206,226,202,159,168,191,188,197,,,,,
2026-08-26,182,207,233,204,182,174,185,192,180,158,146,140,142,147,148,5,7,11,19,23,24,21,21,29,32,30,33,41,38,40,180,206,233,208,181,173,186,183,158,132,,,,,
2026-08-27,206,235,210,184,170,186,195,192,180,164,157,164,162,161,161,7,10,16,21,19,16,22,27,33,35,36,40,38,36,37,207,238,221,173,160,179,175,185,202,184,,,,,
2026-08-28,234,211,185,166,178,192,193,184,170,165,166,169,167,166,156,7,10,16,15,11,19,18,28,35,34,32,29,26,33,37,234,212,174,165,173,187,194,193,185,170,,,,,
2026-08-29,215,185,158,178,191,195,193,186,183,184,179,169,160,154,148,11,15,15,10,17,18,23,30,33,36,35,34,37,35,42,218,189,147,174,175,192,206,192,163,179,,,,,
2026-08-30,186,153,174,186,194,192,190,185,187,179,168,164,160,148,148,15,12,6,11,15,22,30,34,37,31,33,35,40,43,42,191,156,176,187,191,204,227,216,200,156,,,,,
2026-08-31,147,174,181,189,189,179,162,167,169,161,149,149,142,133,131,9,4,7,12,17,23,28,34,33,32,34,42,35,40,43,146,173,179,178,190,204,157,178,140,155,,,,,
2026-09-01,170,184,192,194,187,168,170,169,156,159,152,142,139,145,154,3,4,10,14,19,23,31,28,30,29,32,34,36,36,37,170,183,191,197,203,181,161,146,160,165,,,,,
2026-09-02,187,191,193,192,169,155,153,156,162,161,157,145,148,148,148,5,12,12,12,21,28,27,22,28,30,34,34,35,33,33,187,199,190,205,189,177,171,169,182,204,,,,,
2026-09-03,199,195,203,186,170,161,154,162,169,165,154,151,149,150,145,12,10,10,16,24,25,19,23,29,33,37,38,35,36,33,204,204,206,184,166,164,146,161,174,191,,,,,
2026-09-04,200,207,193,174,154,156,172,170,157,146,142,142,146,143,139,7,9,14,19,19,17,20,26,35,37,38,30,32,33,35,201,209,201,187,142,156,188,169,122,166,,,,,
2026-09-05,209,190,179,150,166,174,147,124,122,129,138,138,133,127,121,7,11,12,14,11,20,26,25,28,30,35,34,34,35,35,209,187,187,154,173,183,148,107,143,166,,,,,
2026-09-06,186,176,148,165,174,134,113,117,130,137,136,126,119,116,114,9,9,14,7,12,13,16,21,24,29,35,36,40,44,48,185,175,145,164,169,123,94,102,112,124,,,,,
2026-09-07,166,145,164,173,130,107,104,113,117,110,115,121,119,118,122,10,9,6,11,11,12,20,23,23,28,30,35,40,39,37,164,147,165,174,123,112,105,120,103,87,,,,,
2026-09-08,147,164,172,131,108,105,114,112,99,92,106,110,114,116,118,7,4,8,10,9,14,24,23,28,30,33,37,37,41,41,150,164,174,133,106,97,119,113,75,77,,,,,
2026-09-09,162,168,128,103,98,105,113,109,100,109,112,120,125,137,130,4,9,8,8,13,22,18,25,30,36,35,34,38,37,38,163,169,131,104,99,118,117,139,122,129,,,,,
2026-09-10,171,129,101,95,104,107,119,114,128,137,143,142,142,134,125,7,7,7,11,21,16,23,37,37,34,32,32,32,33,34,174,128,102,96,99,111,129,141,163,168,,,,,
2026-09-11,125,101,93,101,103,108,130,136,132,145,153,144,138,134,132,5,6,7,14,15,23,26,24,23,27,26,28,29,31,34,126,95,89,98,107,114,143,140,107,120,,,,,
2026-09-12,98,89,91,110,115,129,136,142,158,154,156,157,153,142,130,5,4,8,12,21,25,19,18,21,23,25,30,30,34,35,98,88,92,117,122,139,150,141,155,159,,,,,
2026-09-13,92,101,110,114,124,136,140,149,148,160,161,156,141,140,135,5,6,10,19,24,18,19,18,20,20,25,31,34,36,38,90,102,122,126,134,145,165,147,135,147,,,,,
2026-09-14,105,111,112,114,132,134,146,150,160,153,148,144,137,129,131,4,7,14,16,15,19,18,17,22,24,26,30,37,40,40,105,116,116,116,135,140,137,136,152,162,,,,,
2026-09-15,110,115,115,139,146,149,155,165,163,155,147,140,138,128,120,6,8,9,16,17,17,16,16,23,28,29,30,32,34,37,114,118,115,139,153,162,151,162,172,185,,,,,
2026-09-16,120,122,142,140,147,152,162,153,154,151,140,132,123,119,115,4,6,7,9,17,15,16,23,28,32,34,39,34,34,37,120,124,142,140,167,160,163,164,168,192,,,,,
2026-09-17,128,149,138,139,154,168,165,160,166,163,147,135,127,120,120,4,7,7,15,10,12,17,27,29,30,31,32,30,30,34,128,149,140,152,160,169,173,161,180,176,,,,,
2026-09-18,152,141,139,153,170,170,176,179,162,139,122,114,118,116,112,4,6,8,9,10,12,17,24,38,42,36,32,33,33,30,152,142,144,154,174,170,179,183,183,153,,,,,
2026-09-19,141,139,151,165,169,176,163,142,121,125,120,121,120,106,103,5,5,8,10,11,14,30,39,32,25,22,28,31,33,32,140,140,154,167,174,176,172,160,96,105,,,,,
2026-09-20,137,148,164,174,166,174,152,112,107,108,116,118,110,106,109,4,7,7,8,17,26,33,28,29,29,29,30,29,36,38,138,148,163,173,162,193,133,107,123,117,,,,,
2026-09-21,148,160,167,163,185,156,113,117,122,126,126,120,106,104,114,5,5,8,12,15,28,22,21,22,23,28,32,35,37,35,147,161,170,164,185,178,118,120,134,118,,,,,
2026-09-22,162,169,167,180,159,112,107,115,120,124,115,103,97,102,102,4,8,11,12,19,17,20,25,28,30,30,32,33,31,40,162,170,170,176,169,119,118,132,176,141,,,,,
2026-09-23,174,176,184,156,107,111,109,118,114,109,95,89,92,102,109,6,6,12,14,13,21,21,26,26,30,28,33,37,41,39,176,179,187,161,109,104,109,126,107,95,,,,,
2026-09-24,172,183,159,114,120,119,129,110,110,90,88,99,115,118,120,4,6,9,11,19,14,24,22,29,27,33,31,36,41,42,172,185,162,120,120,126,144,116,143,125,,,,,
2026-09-25,195,162,113,122,135,121,124,114,89,89,107,117,128,137,136,5,6,7,10,15,20,32,29,24,29,35,35,33,36,39,195,165,112,120,131,112,115,138,103,82,,,,,
2026-09-26,160,114,125,131,125,103,99,98,95,114,122,128,136,131,125,5,4,8,12,25,19,30,26,29,39,39,40,38,41,42,162,119,131,130,113,95,79,103,97,145,,,,,
2026-09-27,112,121,132,116,98,108,104,101,126,124,124,129,123,107,104,4,5,9,14,18,26,25,28,25,32,32,36,42,39,40,114,120,131,119,103,125,150,124,141,86,,,,,
2026-09-28,116,129,116,96,101,101,93,114,122,128,131,129,114,104,100,4,7,9,13,24,25,25,27,36,34,38,34,41,43,47,117,130,119,98,80,98,89,116,143,114,,,,,
2026-09-29,130,114,91,89,101,88,110,136,128,128,123,109,107,115,113,6,11,12,13,16,24,27,26,27,31,38,43,45,44,43,132,113,99,97,111,88,94,119,113,131,,,,,
2026-10-03,110,97,129,130,111,97,89,75,43,38,51,64,66,66,68,5,8,7,12,12,16,34,34,34,35,39,39,39,38,38,110,101,129,126,105,107,120,80,63,68,,,,,
2026-10-04,96,132,131,111,101,117,91,49,48,63,68,69,65,69,68,6,6,10,12,14,25,28,30,35,37,41,37,36,35,31,96,133,130,107,108,155,86,38,104,107,,,,,
2026-10-05,135,124,109,96,108,83,38,34,56,72,69,60,64,76,79,4,8,9,14,26,33,26,29,36,35,35,30,34,36,40,137,129,115,91,118,96,33,21,43,46,,,,,
2026-10-06,125,111,106,111,79,33,24,38,51,57,55,67,72,65,66,6,6,14,22,28,17,19,28,31,29,26,29,30,32,40,124,114,113,122,94,37,23,35,28,23,,,,,
2026-10-07,108,103,125,82,28,24,45,61,64,57,71,84,73,65,59,8,9,17,22,9,14,24,28,29,31,32,35,27,28,30,104,103,126,86,30,25,36,43,59,80,,,,,
2026-10-08,99,126,96,38,33,52,70,58,54,76,79,70,65,63,53,7,12,14,11,11,18,21,24,30,32,30,26,30,37,39,102,124,106,39,36,51,63,60,42,46,,,,,
