init_date,em_d01,em_d02,em_d03,em_d04,em_d05,em_d06,em_d07,em_d08,em_d09,em_d10,em_d11,em_d12,em_d13,em_d14,em_d15,es_d01,es_d02,es_d03,es_d04,es_d05,es_d06,es_d07,es_d08,es_d09,es_d10,es_d11,es_d12,es_d13,es_d14,es_d15,hres_d01,hres_d02,hres_d03,hres_d04,hres_d05,hres_d06,hres_d07,hres_d08,hres_d09,hres_d10,hres_d11,hres_d12,hres_d13,hres_d14,hres_d15
2026-07-17,285,301,290,309,305,258,249,260,271,282,285,281,280,279,284,11,11,13,15,27,23,27,34,33,34,35,35,37,38,39,287,308,295,320,319,251,238,258,264,292,,,,,
2026-07-14,284,294,299,298,309,314,312,291,269,252,250,258,266,267,264,10,11,14,17,18,23,27,23,27,27,29,33,35,38,38,287,298,306,300,307,332,344,294,259,250,,,,,
2026-07-15,289,295,292,302,295,303,299,267,255,262,276,280,281,275,267,10,13,16,17,20,26,29,33,31,31,32,39,43,38,35,291,300,283,293,294,309,327,281,223,218,,,,,
2026-07-16,285,287,295,288,302,303,264,247,250,265,279,283,275,264,269,11,13,15,15,20,25,30,30,34,36,35,35,38,39,41,287,287,280,279,303,322,255,233,264,275,,,,,
2026-07-18,296,284,294,298,261,250,257,275,291,291,286,281,285,284,281,10,12,14,23,22,28,34,30,35,39,38,37,38,40,39,296,287,302,310,265,273,277,276,300,320,,,,,
2026-07-19,282,297,298,247,236,238,260,287,299,293,285,284,284,281,284,9,10,17,17,19,28,27,28,35,35,34,39,37,37,36,285,304,296,257,240,252,268,297,314,299,,,,,
2026-07-20,295,285,235,223,223,254,292,302,278,271,276,284,284,281,281,8,11,12,15,25,23,28,32,35,41,40,38,37,35,31,295,296,247,236,216,260,301,296,243,235,,,,,
2026-07-21,263,222,221,212,245,285,304,292,283,277,269,264,265,269,273,10,10,12,21,17,21,26,35,37,34,30,35,34,35,38,268,230,226,212,252,289,315,313,264,258,,,,,
2026-07-22,225,218,204,248,282,306,304,285,278,270,258,251,262,271,269,10,9,18,16,18,24,26,29,25,26,28,30,33,37,41,227,219,193,237,272,305,324,316,322,309,,,,,
2026-07-23,217,200,247,273,300,294,280,275,271,266,264,270,279,282,273,7,13,16,17,19,21,25,24,23,24,26,31,33,36,39,216,192,245,265,294,306,288,279,238,229,,,,,
2026-07-24,209,250,281,310,308,299,293,288,275,272,278,283,283,277,276,11,10,12,20,18,19,28,27,22,23,26,31,37,41,44,208,253,284,317,311,304,309,281,275,261,,,,,
2026-07-25,256,288,308,282,267,266,265,265,267,279,286,276,265,264,275,7,15,15,16,13,22,25,25,22,24,27,30,36,37,37,260,294,318,287,276,274,260,269,292,295,,,,,
2026-07-26,293,303,282,264,263,252,250,255,263,278,282,271,273,281,283,12,15,15,17,20,23,24,22,23,24,30,37,42,48,45,290,308,296,281,282,238,229,235,238,242,,,,,
2026-07-27,305,282,265,270,250,239,244,250,266,270,264,267,272,272,277,13,14,11,13,22,20,16,20,22,26,37,43,43,45,43,322,281,264,276,235,225,229,242,256,255,,,,,
2026-07-28,295,274,265,242,233,240,247,260,272,281,288,285,282,286,285,11,10,12,20,17,15,18,20,21,32,39,44,46,44,45,296,272,262,245,217,230,240,257,268,297,,,,,
2026-07-29,270,258,241,228,236,240,254,263,266,282,291,284,272,273,281,7,10,17,13,9,13,15,20,31,36,35,36,35,38,41,268,258,246,231,237,237,249,269,271,296,,,,,
2026-07-30,256,246,226,232,229,248,264,273,294,293,279,275,280,287,282,8,11,11,8,12,18,18,30,34,40,38,41,40,40,44,256,253,223,227,218,246,268,292,354,329,,,,,
2026-07-31,252,216,223,221,234,245,248,265,281,288,278,272,272,275,271,7,9,6,8,14,16,28,36,39,39,37,34,35,45,45,254,213,223,222,232,242,232,247,302,312,,,,,
2026-08-01,209,226,225,237,236,235,255,275,271,270,271,268,264,259,254,7,6,6,9,16,22,24,31,34,31,39,34,37,39,41,211,227,226,239,235,237,255,278,270,285,,,,,
2026-08-02,225,221,241,236,229,236,254,277,280,283,282,275,264,264,264,5,5,8,16,13,15,20,26,32,35,38,41,38,43,47,226,220,242,239,227,226,253,292,304,310,,,,,
2026-08-03,229,249,228,218,226,248,276,291,299,290,273,267,257,257,262,5,8,16,14,13,14,16,20,23,33,37,38,40,46,43,229,248,232,224,228,245,279,291,299,309,,,,,
2026-08-04,253,231,225,243,254,267,287,272,249,238,240,248,251,250,254,7,12,12,17,14,18,24,34,36,31,34,37,35,36,39,252,236,227,249,244,267,290,252,235,231,,,,,
2026-08-05,233,225,237,248,267,283,276,265,249,239,245,248,244,238,236,8,9,17,14,16,19,26,31,32,33,36,38,43,38,39,236,232,229,240,266,297,295,264,269,271,,,,,
2026-08-06,233,247,244,265,278,269,255,244,236,239,241,234,230,230,231,8,12,15,13,15,20,19,20,26,33,32,30,36,36,34,227,238,244,261,275,262,249,247,222,198,,,,,
2026-08-07,238,241,262,275,265,256,243,236,233,228,225,234,242,244,242,9,12,16,14,19,16,18,25,30,29,27,32,34,35,33,231,247,267,278,261,264,259,253,242,210,,,,,
2026-08-08,247,272,282,281,273,249,236,230,233,231,236,240,236,232,231,10,11,15,17,20,17,26,30,28,23,24,25,28,30,31,257,273,274,272,275,252,273,248,238,247,,,,,
2026-08-09,273,279,284,285,247,238,245,246,238,238,250,259,260,257,251,12,16,18,18,18,23,24,26,19,22,29,30,32,34,33,266,266,273,264,236,233,255,257,239,217,,,,,
2026-08-10,267,282,272,260,260,276,258,237,240,261,273,270,267,254,247,11,11,16,20,19,25,25,18,19,28,35,42,43,43,46,268,279,266,255,261,288,237,216,218,246,,,,,
2026-08-11,273,282,266,264,290,279,250,250,268,276,273,262,245,242,243,11,17,20,20,20,22,17,20,27,39,46,41,37,41,44,272,278,250,261,291,289,241,235,282,341,,,,,
2026-08-12,266,273,275,288,284,253,248,258,261,267,269,263,250,244,240,11,20,20,22,22,16,21,26,36,40,41,39,38,41,43,267,267,272,279,286,252,250,287,312,313,,,,,
2026-08-13,265,284,296,272,249,248,261,251,254,257,254,252,246,243,245,12,19,18,16,13,18,26,35,43,43,40,33,37,41,42,266,280,304,257,246,241,254,253,247,295,,,,,
2026-08-14,265,291,266,237,243,263,243,241,243,245,247,252,251,243,235,7,7,12,8,12,23,28,31,33,33,31,32,36,39,37,267,286,261,236,239,260,224,205,207,220,,,,,
2026-08-15,268,256,229,235,232,210,215,222,225,235,242,241,238,235,234,7,9,6,9,12,16,19,19,22,26,24,27,29,34,36,268,255,232,239,235,216,221,231,227,234,,,,,
2026-08-16,253,229,237,232,223,223,229,216,217,235,245,242,234,232,233,7,4,10,12,14,14,15,21,25,30,29,30,30,30,31,257,230,231,230,224,218,225,205,208,250,,,,,
2026-08-17,226,227,231,225,234,229,206,210,222,232,235,231,226,224,225,3,10,8,9,15,15,17,26,24,20,23,27,29,30,33,226,235,232,230,239,228,209,206,229,234,,,,,
2026-08-18,228,234,222,236,235,209,218,232,238,235,234,235,234,235,233,7,8,10,13,15,18,21,21,20,27,31,29,28,34,35,234,234,223,240,239,204,216,248,247,222,,,,,
2026-08-19,231,225,236,234,212,212,228,236,235,233,237,242,242,245,249,8,8,12,10,12,19,18,16,20,25,31,35,41,43,45,235,229,240,236,206,200,226,246,228,220,,,,,
2026-08-20,225,235,230,205,201,221,236,222,214,213,212,215,214,213,221,5,8,6,6,11,13,15,20,24,27,32,38,37,35,38,226,237,227,205,193,220,235,218,211,194,,,,,
2026-08-21,234,229,204,197,221,239,236,235,243,254,252,245,241,236,231,9,6,6,13,12,13,17,23,26,31,30,28,34,38,38,237,231,207,195,224,237,246,232,235,237,,,,,
2026-08-22,228,206,195,217,238,234,229,235,246,247,233,231,230,235,237,4,5,14,12,14,13,16,26,31,33,31,38,39,40,39,228,206,182,212,236,235,226,222,249,258,,,,,
2026-08-23,203,203,225,247,231,228,243,259,258,241,226,220,214,217,219,6,8,10,10,8,10,22,28,23,25,31,36,37,39,41,203,204,229,248,235,231,263,289,251,236,,,,,
2026-08-24,200,224,245,227,222,239,269,280,273,268,259,251,245,239,233,7,9,10,8,10,16,22,25,31,38,35,37,39,46,45,202,224,243,225,223,237,283,282,277,243,,,,,
2026-08-25,221,247,224,221,234,266,277,270,266,257,256,247,232,219,215,7,9,7,8,16,21,23,32,36,39,39,39,43,37,37,220,246,224,223,236,280,279,253,258,270,,,,,
2026-08-26,245,226,221,239,279,291,279,280,275,266,253,238,231,227,228,7,7,9,16,18,23,31,26,31,33,39,44,47,47,47,246,226,221,239,290,312,269,267,271,260,,,,,
2026-08-27,227,224,242,283,290,287,288,288,283,272,270,269,265,258,255,6,8,15,18,24,25,25,30,38,44,45,49,50,53,51,227,222,241,288,272,277,277,279,252,274,,,,,
2026-08-28,226,245,279,295,300,302,296,288,284,270,250,246,246,234,228,7,13,16,17,18,17,28,33,33,37,31,37,46,43,43,224,246,270,287,299,311,298,295,299,321,,,,,
2026-08-29,248,282,300,307,308,301,288,278,270,263,259,261,259,248,243,11,17,15,15,18,24,32,33,37,40,44,43,41,45,46,245,280,297,304,313,307,308,316,325,345,,,,,
2026-08-30,271,293,297,299,297,294,283,265,253,259,268,257,243,239,234,15,12,14,14,18,22,25,30,31,35,40,45,51,52,48,261,281,282,290,296,289,278,253,231,230,,,,,
2026-08-31,289,290,293,297,297,292,281,271,267,267,251,225,228,230,232,12,12,13,15,20,23,28,31,36,46,43,47,53,53,52,289,288,290,301,305,307,273,246,285,257,,,,,
2026-09-01,284,289,292,291,287,270,260,261,275,254,227,223,223,220,210,8,9,11,17,20,20,24,40,44,47,48,44,44,47,43,283,285,291,293,296,275,273,305,327,319,,,,,
2026-09-02,293,295,293,285,277,270,281,292,264,243,240,243,238,230,216,11,9,13,19,18,21,29,31,40,40,43,41,42,45,43,291,293,293,280,276,253,280,290,239,233,,,,,
2026-09-03,295,293,289,269,260,285,297,267,234,239,243,238,233,227,223,10,11,16,16,17,23,25,37,40,47,50,53,51,50,48,293,291,285,258,246,283,296,293,211,189,,,,,
2026-09-04,293,296,268,258,283,292,255,241,253,258,254,245,234,223,215,10,13,19,15,18,26,34,38,40,42,50,48,49,48,51,291,299,266,251,279,290,252,248,275,307,,,,,
2026-09-05,282,264,247,274,286,236,228,238,225,208,196,196,202,193,195,13,10,13,16,22,22,28,31,45,45,46,47,46,38,42,279,263,249,272,283,241,225,248,181,191,,,,,
2026-09-06,261,245,270,270,224,226,246,234,216,211,203,199,194,187,181,10,10,13,18,16,21,28,49,54,49,40,40,41,45,46,258,235,262,260,219,218,248,284,262,171,,,,,
2026-09-07,242,269,262,221,219,244,235,240,209,190,184,179,172,167,164,9,11,15,13,17,23,35,42,44,36,31,40,43,41,47,243,271,253,222,219,246,207,269,195,171,,,,,
2026-09-08,270,260,227,218,242,227,241,208,194,205,191,180,170,168,169,9,12,9,10,19,35,46,37,36,38,49,56,46,45,46,270,270,233,212,232,215,251,218,183,208,,,,,
2026-09-09,256,226,213,236,238,268,220,200,226,205,173,166,169,171,179,12,8,9,14,21,24,33,32,39,48,45,42,39,37,34,257,226,209,235,252,286,207,192,244,272,,,,,
2026-09-10,231,216,231,214,238,227,194,202,172,161,165,175,183,184,192,6,6,10,26,43,36,31,34,34,35,35,33,36,36,35,234,219,232,212,245,257,187,193,168,168,,,,,
2026-09-11,209,234,205,214,248,213,212,198,186,173,164,170,179,185,184,7,9,23,38,25,33,39,36,33,33,27,29,31,35,36,210,239,193,209,254,191,207,221,224,175,,,,,
2026-09-12,234,194,196,257,225,229,213,192,179,172,172,182,188,192,195,8,20,20,20,29,34,39,38,30,30,30,30,29,28,28,238,207,211,279,254,260,251,203,181,154,,,,,
2026-09-13,191,205,250,225,244,233,227,212,198,186,188,193,201,203,199,12,13,19,24,31,36,41,40,35,32,31,34,36,38,37,196,207,250,220,238,234,267,249,234,203,,,,,
2026-09-14,199,253,226,258,255,260,231,202,183,184,187,196,202,201,195,9,17,20,19,22,25,34,30,27,27,27,29,31,36,40,201,252,235,262,250,274,237,202,164,167,,,,,
2026-09-15,256,211,247,248,261,227,197,182,182,188,199,202,201,198,192,14,18,19,15,20,26,19,20,25,30,32,27,32,37,41,259,212,245,253,268,244,213,198,186,192,,,,,
2026-09-16,219,237,242,262,225,205,191,187,188,190,193,194,187,187,186,10,10,11,13,22,20,19,25,28,28,30,34,38,41,45,221,239,248,272,232,220,198,194,229,207,,,,,
2026-09-17,249,246,263,222,188,166,161,169,172,170,171,176,178,183,175,6,9,11,20,19,17,22,26,24,24,27,34,35,35,38,253,246,264,228,182,156,169,175,177,159,,,,,
2026-09-18,248,264,210,173,154,145,156,163,164,168,172,176,176,178,178,7,9,14,12,14,16,22,22,23,24,26,31,35,40,40,247,268,215,172,151,137,139,159,156,153,,,,,
2026-09-19,263,209,168,150,145,160,171,169,174,175,173,168,165,170,169,9,11,11,11,12,13,16,19,23,27,28,30,36,39,38,267,207,166,153,146,167,185,176,189,192,,,,,
2026-09-20,217,180,162,150,160,170,167,176,177,177,164,165,172,174,167,8,7,8,13,15,18,22,23,26,30,34,37,40,38,39,218,179,163,149,174,174,165,176,159,149,,,,,
2026-09-21,179,163,160,161,173,166,181,185,183,181,178,180,183,180,173,5,6,10,12,14,19,22,21,26,29,33,32,35,42,44,178,159,166,161,166,153,168,179,177,189,,,,,
2026-09-22,162,155,166,177,173,190,196,192,181,178,180,182,168,156,159,6,6,11,10,16,16,20,25,27,29,34,36,38,36,42,161,156,169,172,173,182,182,185,194,211,,,,,
2026-09-23,162,165,176,161,172,178,179,169,159,159,162,154,145,139,138,6,6,10,14,15,16,22,27,26,29,29,36,38,39,45,161,161,174,143,159,182,181,167,135,124,,,,,
2026-09-24,164,175,163,174,182,190,189,174,167,170,146,133,145,150,142,4,8,10,10,13,17,24,31,31,34,32,30,36,37,40,160,169,165,166,182,194,199,221,195,173,,,,,
2026-09-25,175,164,173,181,185,200,196,185,185,154,128,130,141,141,141,5,9,11,11,14,19,29,40,37,34,30,30,33,35,40,178,166,176,189,186,206,197,174,188,173,,,,,
2026-09-26,172,180,181,184,200,197,168,155,148,137,140,147,148,151,155,7,8,9,14,14,24,31,31,25,27,30,28,34,40,39,174,180,177,176,207,212,184,153,144,150,,,,,
2026-09-27,165,171,181,211,206,166,156,155,144,149,155,152,147,144,136,8,7,11,15,21,29,30,26,27,31,31,32,37,38,38,168,170,185,213,199,148,138,150,168,175,,,,,
2026-09-28,173,188,210,203,170,154,149,132,139,154,152,150,150,149,141,5,6,15,14,28,30,27,26,25,26,34,37,32,33,39,170,188,204,207,167,142,143,120,148,171,,,,,
2026-09-29,195,203,199,168,144,149,138,141,165,163,156,152,145,142,146,7,9,12,21,18,19,20,24,25,29,34,37,41,42,42,197,202,199,168,141,156,136,134,183,190,,,,,
2026-10-03,136,150,127,144,173,160,164,176,182,164,132,124,130,123,118,3,5,5,7,14,20,26,31,34,46,53,54,48,41,43,137,151,127,145,170,143,174,191,194,188,,,,,
2026-10-04,155,137,155,181,166,168,187,196,175,143,133,136,131,120,113,4,4,6,14,24,25,20,20,41,51,45,44,43,46,38,155,138,155,179,159,190,200,194,135,118,,,,,
2026-10-05,148,162,191,163,157,187,203,195,168,154,150,138,118,107,113,4,4,8,20,23,24,22,33,48,54,45,41,35,36,35,149,162,194,167,160,210,218,194,193,227,,,,,
2026-10-06,165,190,162,175,215,214,207,171,143,137,127,113,114,122,120,3,9,13,19,11,18,33,51,55,50,35,37,33,35,39,165,192,162,186,228,200,184,230,226,209,,,,,
2026-10-07,199,165,192,218,200,200,126,113,133,127,109,104,118,126,124,5,9,13,12,16,32,31,31,33,32,34,35,36,38,37,198,165,199,226,195,218,108,96,95,120,,,,,
