init_date,em_d01,em_d02,em_d03,em_d04,em_d05,em_d06,em_d07,em_d08,em_d09,em_d10,em_d11,em_d12,em_d13,em_d14,em_d15,es_d01,es_d02,es_d03,es_d04,es_d05,es_d06,es_d07,es_d08,es_d09,es_d10,es_d11,es_d12,es_d13,es_d14,es_d15,hres_d01,hres_d02,hres_d03,hres_d04,hres_d05,hres_d06,hres_d07,hres_d08,hres_d09,hres_d10,hres_d11,hres_d12,hres_d13,hres_d14,hres_d15
2026-07-17,226,235,233,227,212,205,189,187,196,202,201,204,208,215,219,4,7,13,16,21,24,17,15,15,17,20,22,26,26,25,225,237,224,234,212,206,181,185,189,196,,,,,
2026-07-14,242,229,229,230,236,221,200,191,181,179,188,191,190,193,193,5,6,8,8,11,19,22,22,24,23,22,22,23,25,26,241,228,226,232,244,222,203,199,171,167,,,,,
2026-07-15,228,227,228,234,223,205,187,179,182,188,194,194,191,195,201,4,6,7,10,18,18,16,19,18,17,18,19,23,24,26,230,228,230,236,218,197,178,185,201,201,,,,,
2026-07-16,227,227,236,224,218,208,196,186,193,199,203,203,202,203,209,4,5,9,15,17,19,23,18,17,19,20,23,25,26,27,227,226,237,221,208,207,182,185,184,175,,,,,
2026-07-18,233,233,231,223,209,193,196,206,206,207,210,218,223,226,226,5,10,13,16,18,16,15,16,21,22,21,22,23,25,26,234,226,231,229,211,185,190,204,196,195,,,,,
2026-07-19,229,231,220,199,184,192,207,210,211,215,220,227,226,222,221,10,10,12,15,14,15,18,17,19,21,25,23,25,27,26,226,230,217,206,186,193,214,202,211,233,,,,,
2026-07-20,237,229,202,182,199,222,226,222,218,220,222,222,217,210,213,7,9,13,13,12,11,16,20,24,25,24,23,23,24,26,234,228,204,188,199,225,227,228,233,232,,,,,
2026-07-21,228,206,189,202,225,232,224,225,219,215,217,218,220,221,226,10,12,13,11,11,15,19,19,20,22,23,26,26,25,25,227,210,183,201,224,235,225,224,226,201,,,,,
2026-07-22,209,183,202,223,232,226,218,215,210,212,215,220,217,211,212,12,11,7,9,10,15,18,20,23,25,25,28,26,30,28,207,184,198,225,232,231,207,219,216,196,,,,,
2026-07-23,191,209,230,239,227,213,207,205,213,221,224,223,220,216,213,14,8,9,11,16,16,19,21,23,26,26,26,27,30,28,188,204,224,233,227,217,192,204,224,224,,,,,
2026-07-24,212,231,236,226,216,213,215,221,232,236,237,234,228,230,226,6,9,12,15,16,19,18,20,19,22,26,29,33,32,28,210,232,235,217,217,212,217,213,209,184,,,,,
2026-07-25,234,236,228,219,216,221,233,241,250,244,224,221,229,231,227,11,11,15,14,15,14,16,17,20,25,32,30,31,31,27,232,236,227,221,209,210,210,216,239,244,,,,,
2026-07-26,245,229,208,207,217,229,240,253,253,235,229,230,234,235,227,12,15,13,13,12,14,15,16,20,27,33,37,34,29,31,244,226,197,206,225,231,241,257,242,231,,,,,
2026-07-27,234,202,200,210,218,223,245,256,226,228,230,236,234,226,221,13,13,12,11,15,14,13,21,27,32,35,30,26,29,29,230,204,192,202,217,209,238,252,208,210,,,,,
2026-07-28,215,210,219,227,238,258,251,229,242,243,241,234,230,226,219,13,15,10,12,11,10,19,20,21,27,32,33,30,30,31,220,212,219,226,235,254,230,232,246,246,,,,,
2026-07-29,216,211,210,225,254,248,213,221,236,244,241,236,231,225,212,12,9,12,9,9,20,21,27,27,25,22,23,27,29,29,218,213,208,226,252,242,207,200,231,256,,,,,
2026-07-30,218,208,219,250,257,212,231,248,242,237,235,235,230,215,200,9,11,10,7,13,19,24,24,22,25,25,26,25,28,26,217,212,217,252,254,207,243,264,259,266,,,,,
2026-07-31,213,225,255,253,211,226,243,252,246,238,237,231,216,204,199,8,6,7,13,17,19,21,22,21,20,20,23,26,29,27,216,226,254,252,217,210,237,267,250,247,,,,,
2026-08-01,222,256,248,200,205,231,249,243,242,236,229,220,211,204,202,6,7,14,12,15,15,16,21,21,21,25,25,27,29,28,221,257,246,207,205,221,248,259,263,230,,,,,
2026-08-02,257,251,191,193,215,237,251,249,239,225,213,201,195,189,188,7,11,11,13,11,15,16,19,20,22,21,28,30,28,25,259,256,191,184,213,237,257,259,229,219,,,,,
2026-08-03,242,176,182,207,230,249,255,246,226,202,189,186,188,191,189,9,10,11,9,9,9,13,19,24,24,26,31,31,28,27,245,176,181,206,233,250,260,257,205,159,,,,,
2026-08-04,168,187,216,233,243,252,245,225,209,197,196,196,194,195,191,7,7,7,7,8,9,16,22,23,26,25,24,25,25,27,168,185,216,229,240,255,251,244,228,234,,,,,
2026-08-05,184,218,232,241,244,241,233,217,200,195,190,184,181,183,185,3,4,5,8,9,12,16,22,26,25,28,28,26,27,23,185,217,229,241,244,236,223,210,187,174,,,,,
2026-08-06,216,232,243,244,242,235,221,205,193,186,184,183,182,185,186,3,5,8,8,13,16,19,22,23,24,26,27,25,26,26,217,232,242,245,239,238,241,210,194,176,,,,,
2026-08-07,230,243,239,237,235,225,200,184,180,184,185,183,185,190,193,4,6,10,12,10,19,26,27,27,26,24,26,27,25,24,230,244,242,244,243,240,217,202,195,200,,,,,
2026-08-08,242,235,234,235,221,180,164,167,173,178,182,184,187,190,193,5,8,12,11,19,24,22,21,22,22,24,29,28,24,26,241,235,243,241,227,190,156,150,166,169,,,,,
2026-08-09,232,237,237,222,184,170,169,176,182,188,192,195,198,196,196,8,6,6,18,21,20,17,16,19,25,27,27,25,26,29,230,235,241,218,193,172,169,175,171,178,,,,,
2026-08-10,232,237,214,177,170,170,177,185,195,191,194,197,197,195,196,7,6,15,16,12,14,14,15,21,24,23,21,23,28,29,233,236,213,166,175,175,174,183,207,226,,,,,
2026-08-11,232,219,180,173,174,183,196,204,199,196,195,195,193,192,193,7,13,14,9,11,10,13,19,26,27,27,24,26,27,28,232,220,175,176,176,181,195,212,197,177,,,,,
2026-08-12,209,167,169,169,174,184,189,193,196,198,195,196,192,192,194,14,11,9,9,10,11,18,26,25,25,30,31,29,29,28,204,168,180,173,176,197,211,191,152,143,,,,,
2026-08-13,167,167,164,171,185,196,194,193,194,196,197,191,187,190,194,12,8,8,6,8,15,22,27,28,28,31,31,29,29,29,169,160,158,164,176,198,206,190,193,194,,,,,
2026-08-14,167,162,168,186,198,188,186,190,199,205,204,199,194,194,190,6,10,6,7,14,22,28,27,25,26,23,22,24,24,26,166,158,166,181,188,185,171,214,226,192,,,,,
2026-08-15,162,168,185,192,189,202,209,212,210,202,201,199,201,195,190,9,5,6,13,18,19,22,24,23,22,22,25,25,27,27,164,168,184,194,190,201,221,222,211,213,,,,,
2026-08-16,172,191,200,197,203,219,220,205,192,190,190,190,190,190,183,6,6,13,14,15,16,18,20,17,18,22,23,24,29,30,169,193,204,205,207,227,226,208,187,188,,,,,
2026-08-17,195,185,196,211,226,222,200,191,189,190,194,196,195,193,187,6,14,9,13,12,21,17,17,19,21,23,25,26,26,29,194,187,202,218,232,231,201,182,188,204,,,,,
2026-08-18,180,192,209,228,219,207,196,191,192,197,202,200,191,186,176,11,7,9,9,17,15,15,17,16,20,21,25,26,30,34,183,195,213,223,221,215,196,190,200,208,,,,,
2026-08-19,197,209,230,220,214,204,197,200,205,204,204,204,199,191,190,7,5,7,13,14,15,16,18,20,24,26,30,31,32,31,201,210,229,221,225,198,191,175,196,210,,,,,
2026-08-20,208,230,215,216,206,195,190,195,194,193,190,190,190,191,193,5,7,12,13,14,15,16,21,25,30,32,32,34,36,32,206,229,216,221,208,201,201,200,193,176,,,,,
2026-08-21,231,218,212,200,194,194,202,209,212,208,202,206,203,201,202,7,11,12,13,15,15,14,18,21,23,26,26,32,33,31,228,212,217,205,187,194,195,201,206,200,,,,,
2026-08-22,220,212,202,194,194,205,211,214,209,204,204,203,202,195,186,9,13,11,14,12,13,17,18,22,26,26,27,28,31,37,222,211,204,196,191,206,205,206,215,184,,,,,
2026-08-23,221,204,186,186,201,211,205,197,195,198,198,194,183,179,186,7,12,11,9,12,15,16,16,21,26,26,29,35,32,32,220,202,187,191,205,210,209,188,191,205,,,,,
2026-08-24,203,187,184,197,218,213,192,184,190,187,181,169,172,167,170,10,10,10,9,13,18,19,22,22,25,27,39,37,37,32,208,182,181,196,210,212,213,177,190,204,,,,,
2026-08-25,192,189,203,216,209,185,177,179,178,180,174,170,167,168,168,9,9,8,12,17,19,19,21,22,22,33,36,37,34,36,187,186,204,203,196,177,173,175,163,177,,,,,
2026-08-26,190,204,216,204,167,159,172,174,169,162,157,154,162,168,169,7,7,14,17,18,17,18,20,25,37,41,39,38,39,49,192,205,223,210,169,160,186,178,178,154,,,,,
2026-08-27,204,215,198,168,168,174,179,181,188,187,183,178,180,177,174,5,10,15,13,13,13,17,25,31,40,36,35,30,33,38,202,211,200,171,164,176,179,185,210,225,,,,,
2026-08-28,215,191,164,160,165,171,172,173,166,159,164,169,175,173,168,9,12,13,14,11,15,18,30,41,45,38,37,32,37,34,216,194,172,161,166,175,173,187,187,168,,,,,
2026-08-29,188,159,157,161,166,175,187,196,193,189,188,182,178,179,176,9,11,11,13,14,14,17,20,34,34,30,31,38,40,41,188,163,159,163,170,184,198,180,185,188,,,,,
2026-08-30,152,153,161,167,176,190,198,194,192,186,180,177,172,169,167,7,8,7,11,14,12,16,23,26,32,35,38,35,39,42,158,158,167,172,185,194,208,205,192,190,,,,,
2026-08-31,161,162,172,181,196,195,190,184,183,174,165,167,170,166,156,7,8,8,10,11,14,23,29,31,34,36,38,39,42,42,165,165,177,190,196,196,194,174,163,163,,,,,
2026-09-01,156,164,177,187,194,194,192,179,164,156,156,155,148,140,142,6,6,7,8,11,19,22,26,31,33,30,33,39,41,38,156,163,178,187,198,215,193,180,158,158,,,,,
2026-09-02,165,179,188,197,196,189,176,177,175,170,162,156,152,154,158,7,6,9,10,15,19,23,23,27,28,35,40,40,38,37,164,179,187,196,203,195,165,183,195,204,,,,,
2026-09-03,180,191,198,200,189,177,188,193,188,181,167,161,167,168,161,6,7,8,14,14,17,18,25,31,35,47,45,40,42,39,182,189,199,211,200,185,210,216,206,201,,,,,
2026-09-04,194,202,206,189,166,184,192,191,182,168,159,163,159,151,146,6,7,10,14,15,15,22,27,34,43,42,36,40,47,47,194,203,211,191,167,187,206,216,213,190,,,,,
2026-09-05,205,209,190,166,182,193,195,183,162,160,167,165,159,156,146,6,9,13,12,15,13,13,29,44,38,33,31,30,35,37,206,211,188,168,183,207,203,173,160,186,,,,,
2026-09-06,211,187,170,171,186,190,176,140,132,146,159,157,150,141,134,6,10,8,12,11,12,38,58,50,43,39,38,43,47,52,215,183,167,166,181,181,192,115,83,121,,,,,
2026-09-07,186,170,161,174,187,171,155,119,126,142,142,142,141,133,128,7,6,7,8,12,32,51,51,39,34,34,35,39,40,41,189,173,162,174,187,166,214,134,147,154,,,,,
2026-09-08,171,164,175,189,164,155,118,140,158,141,134,133,137,137,137,5,4,4,11,23,48,43,28,24,41,49,44,34,35,41,171,164,173,192,151,178,131,167,191,175,,,,,
2026-09-09,161,170,179,177,176,127,144,165,151,142,146,148,147,143,142,4,4,12,13,37,34,22,24,31,39,39,35,36,38,35,162,169,179,180,167,119,160,188,197,176,,,,,
2026-09-10,167,181,180,203,164,137,153,148,152,152,146,142,139,139,134,3,8,11,19,28,23,21,30,40,45,35,26,31,35,40,167,182,179,212,186,125,132,127,152,162,,,,,
2026-09-11,181,179,204,170,141,157,148,151,142,142,139,135,132,128,131,5,8,15,23,20,21,32,35,35,33,29,29,30,33,34,181,182,209,177,140,165,156,164,129,126,,,,,
2026-09-12,174,200,168,131,148,134,137,134,144,143,137,140,143,143,142,6,9,17,18,18,30,31,27,24,29,34,34,29,27,31,173,200,158,119,137,114,106,108,125,162,,,,,
2026-09-13,208,161,132,155,143,140,131,127,126,133,139,142,140,137,136,6,11,13,15,24,28,20,20,28,25,23,23,31,36,36,212,163,137,157,149,154,141,122,114,126,,,,,
2026-09-14,165,129,157,156,155,133,125,130,139,139,137,134,132,132,129,7,11,11,14,13,16,20,22,23,24,24,26,32,32,40,169,124,156,158,161,141,123,132,135,147,,,,,
2026-09-15,135,164,153,153,131,120,125,135,139,141,142,140,138,131,127,6,11,15,11,15,16,18,20,18,19,21,26,31,34,38,139,168,152,156,131,113,119,126,144,150,,,,,
2026-09-16,162,146,152,131,106,111,123,129,134,141,141,130,121,117,119,13,12,9,11,13,15,18,24,26,25,27,37,42,47,44,177,151,161,143,112,123,136,128,145,153,,,,,
2026-09-17,150,152,130,103,114,124,129,134,139,142,139,133,123,111,108,9,9,10,9,10,17,14,16,19,21,23,32,38,41,39,152,156,133,105,119,127,118,124,117,141,,,,,
2026-09-18,153,129,101,112,130,130,137,143,152,144,130,109,106,110,106,9,8,9,9,13,14,13,17,16,24,30,39,47,44,47,153,131,98,111,134,130,127,138,154,159,,,,,
2026-09-19,123,96,109,129,129,137,144,145,135,128,121,129,137,126,121,10,8,7,11,13,8,18,19,25,22,26,31,36,39,42,119,99,110,129,128,143,145,149,150,143,,,,,
2026-09-20,92,106,126,128,132,140,152,151,124,102,116,131,126,120,116,6,4,8,10,7,11,11,19,34,44,45,36,41,42,48,89,108,123,130,131,136,158,155,131,111,,,,,
2026-09-21,104,127,126,125,133,148,145,129,117,128,140,136,127,123,130,3,10,7,9,11,9,16,23,27,27,26,39,45,46,42,104,127,131,121,133,151,152,147,147,166,,,,,
2026-09-22,132,130,120,131,147,148,133,109,123,132,128,108,99,116,121,6,6,13,12,7,11,22,30,31,34,39,49,48,44,40,133,129,118,129,147,149,127,105,111,129,,,,,
2026-09-23,131,125,130,149,155,123,84,100,117,125,101,100,111,110,123,7,6,11,6,9,19,29,30,33,36,47,49,49,49,43,131,127,133,150,158,131,76,105,81,114,,,,,
2026-09-24,131,132,151,156,131,87,96,109,128,104,103,124,127,129,128,5,10,6,9,19,28,26,29,26,41,42,31,33,38,41,131,138,152,158,130,74,62,75,89,100,,,,,
2026-09-25,122,146,154,138,120,114,120,136,99,88,120,128,130,135,138,9,5,7,17,18,21,22,25,47,46,38,35,32,35,37,122,148,153,140,127,131,127,155,161,91,,,,,
2026-09-26,148,150,133,117,122,119,136,138,128,144,146,148,150,147,138,5,8,13,13,16,25,22,26,35,27,25,24,26,34,47,148,152,143,132,144,137,146,154,143,152,,,,,
2026-09-27,149,132,120,121,114,132,143,127,139,144,141,144,135,120,121,7,12,13,16,21,23,24,28,27,24,28,27,34,37,43,148,136,125,127,113,126,161,139,163,160,,,,,
2026-09-28,127,121,121,119,141,139,138,155,152,146,146,141,129,120,120,11,8,12,14,14,27,24,19,19,27,28,29,41,45,46,123,124,125,123,151,153,151,167,154,153,,,,,
2026-09-29,113,113,115,128,136,133,151,155,147,145,146,133,122,123,126,6,8,9,12,19,22,16,12,18,22,24,36,44,54,49,113,114,115,126,137,135,141,159,154,156,,,,,
2026-10-03,150,147,174,170,156,151,149,151,113,69,66,65,62,66,70,5,5,5,6,9,9,13,26,53,68,67,60,56,51,47,150,149,175,174,158,155,150,162,154,165,,,,,
2026-10-04,148,177,173,162,153,154,159,108,59,56,74,61,53,62,66,4,4,6,9,11,9,10,40,60,64,55,55,64,65,53,149,177,175,164,163,156,150,67,58,82,,,,,
2026-10-05,175,178,164,150,154,157,117,76,57,52,61,40,34,51,61,4,5,9,12,10,11,35,54,54,50,48,48,49,52,52,175,182,168,155,159,165,136,128,54,-11,,,,,
2026-10-06,178,165,160,161,156,120,90,60,50,48,33,39,51,55,60,4,6,7,7,10,30,51,51,47,40,42,49,42,39,38,178,164,160,161,153,140,155,109,64,57,,,,,
2026-10-07,164,162,159,153,120,88,77,68,49,42,50,61,56,56,56,4,5,5,9,20,42,37,38,37,37,41,40,36,38,43,166,163,156,152,137,109,86,67,12,8,,,,,
2026-10-08,160,159,154,130,118,96,67,29,24,52,71,65,62,61,57,3,5,7,16,33,28,33,36,47,46,37,35,41,44,43,162,160,157,145,137,116,57,-3,-31,-64,,,,,
