init_date,em_d01,em_d02,em_d03,em_d04,em_d05,em_d06,em_d07,em_d08,em_d09,em_d10,em_d11,em_d12,em_d13,em_d14,em_d15,es_d01,es_d02,es_d03,es_d04,es_d05,es_d06,es_d07,es_d08,es_d09,es_d10,es_d11,es_d12,es_d13,es_d14,es_d15,hres_d01,hres_d02,hres_d03,hres_d04,hres_d05,hres_d06,hres_d07,hres_d08,hres_d09,hres_d10,hres_d11,hres_d12,hres_d13,hres_d14,hres_d15
2026-07-17,112,107,112,112,114,117,122,124,125,125,124,122,122,125,128,3,3,3,4,5,7,9,12,13,13,12,11,11,12,13,111,105,112,110,111,125,129,112,115,125,,,,,
2026-07-14,119,111,109,109,107,110,115,115,115,118,121,124,127,131,133,3,4,4,6,5,5,6,7,8,7,10,11,13,14,15,121,110,110,109,105,107,116,115,114,115,,,,,
2026-07-15,115,110,111,106,110,111,110,112,116,118,120,119,122,123,125,4,3,5,3,5,5,6,7,7,8,9,9,9,10,12,114,110,112,105,111,114,107,110,113,111,,,,,
2026-07-16,111,113,106,110,112,111,111,115,115,117,121,121,119,120,125,2,4,3,4,4,5,6,7,9,13,12,11,9,11,14,110,113,106,111,109,110,108,111,108,121,,,,,
2026-07-18,106,112,113,115,122,127,129,131,131,129,127,124,123,123,125,2,3,4,4,6,9,11,13,13,13,12,11,10,10,10,105,111,111,117,129,137,133,133,133,132,,,,,
2026-07-19,112,112,113,119,127,125,131,132,131,133,132,131,128,131,131,3,3,3,5,8,9,9,10,11,13,13,12,11,9,11,112,112,115,122,129,120,139,139,133,130,,,,,
2026-07-20,112,114,122,126,121,131,134,132,129,129,129,127,126,130,132,3,3,4,8,6,8,10,12,13,13,11,10,11,12,14,111,113,121,123,119,134,137,125,135,143,,,,,
2026-07-21,115,121,127,123,133,135,130,125,123,125,126,126,128,131,132,3,4,7,6,7,9,11,12,11,11,12,11,11,11,13,115,123,122,123,129,139,143,130,129,129,,,,,
2026-07-22,121,121,125,131,131,127,117,119,123,125,124,125,126,128,131,4,4,5,6,10,11,8,10,12,12,12,12,11,12,12,121,120,125,130,129,135,115,110,107,115,,,,,
2026-07-23,122,126,132,132,129,116,121,122,124,125,128,129,129,128,129,4,4,6,9,10,9,11,12,13,12,11,13,13,9,10,123,125,133,132,134,116,117,121,119,111,,,,,
2026-07-24,127,132,132,132,116,116,117,119,128,129,128,128,127,128,129,5,5,5,6,7,9,13,13,14,15,11,11,11,11,11,126,135,134,129,108,106,93,112,127,119,,,,,
2026-07-25,134,132,128,110,117,131,126,124,125,123,125,126,127,128,131,3,3,6,4,9,14,14,12,13,9,11,12,10,11,12,135,131,127,108,119,132,109,111,119,123,,,,,
2026-07-26,134,130,109,118,134,121,121,123,122,124,128,128,130,130,133,3,4,4,9,13,14,9,9,9,9,13,11,12,11,11,135,130,106,116,124,114,119,117,118,124,,,,,
2026-07-27,133,108,116,131,121,121,125,124,122,125,127,128,131,133,134,4,4,7,14,14,9,9,8,6,9,10,11,11,13,12,134,108,114,132,108,122,124,121,124,120,,,,,
2026-07-28,106,121,137,129,123,123,122,122,124,126,128,131,134,135,135,3,6,9,11,6,7,6,6,8,11,11,12,12,12,12,105,120,136,126,120,118,120,125,141,132,,,,,
2026-07-29,123,139,134,125,131,132,128,125,126,131,134,135,134,131,129,5,8,11,5,8,11,10,8,10,12,13,13,13,10,10,124,141,133,123,125,138,127,132,123,123,,,,,
2026-07-30,144,136,125,133,133,126,123,123,125,128,128,129,128,128,127,6,9,5,8,8,7,7,7,10,11,10,11,10,11,9,144,141,126,135,135,128,114,113,117,121,,,,,
2026-07-31,140,124,134,134,127,122,119,120,123,125,126,124,124,125,127,6,5,7,6,6,6,7,7,9,10,10,9,7,8,10,138,124,136,137,130,125,126,126,120,127,,,,,
2026-08-01,121,126,133,126,121,121,122,123,125,128,127,127,128,128,130,4,5,5,4,6,5,6,9,10,11,9,9,8,9,10,122,122,133,124,115,114,119,126,115,118,,,,,
2026-08-02,123,131,124,120,121,125,126,125,129,130,131,131,132,134,133,5,4,3,4,5,7,8,8,10,11,10,10,10,9,11,120,131,123,120,119,126,129,120,130,132,,,,,
2026-08-03,132,124,123,126,131,133,132,131,131,132,132,132,134,135,135,4,2,3,5,6,7,9,11,10,9,9,10,9,11,11,132,123,123,128,132,132,130,120,125,136,,,,,
2026-08-04,123,123,125,133,136,132,130,131,131,133,135,134,132,134,136,2,3,4,5,7,10,9,10,10,11,11,9,9,10,11,123,123,123,130,138,130,133,134,142,137,,,,,
2026-08-05,120,120,129,137,131,132,133,131,130,131,132,134,135,137,136,2,3,7,9,11,10,10,9,7,9,9,8,10,12,12,120,119,131,143,128,135,133,128,125,130,,,,,
2026-08-06,120,133,134,123,129,134,135,131,131,131,130,134,135,134,134,2,4,7,7,8,7,7,6,6,7,8,9,12,12,12,120,133,128,119,128,136,134,132,131,131,,,,,
2026-08-07,132,132,120,129,132,131,129,133,132,132,133,134,134,134,132,3,5,6,8,6,5,5,9,10,9,9,10,11,11,9,132,131,115,125,131,129,126,129,126,138,,,,,
2026-08-08,135,119,128,133,131,127,127,126,127,129,131,132,131,129,128,5,5,6,5,5,3,4,5,6,9,11,10,9,7,9,133,116,127,136,129,129,124,125,125,121,,,,,
2026-08-09,121,131,133,130,127,126,127,128,131,131,129,129,129,128,128,5,5,7,4,3,4,6,8,9,11,9,9,8,7,7,117,126,128,129,128,124,122,124,128,133,,,,,
2026-08-10,133,135,130,127,126,128,129,130,130,128,126,125,126,127,128,5,6,4,2,3,6,5,7,8,9,8,8,9,9,10,130,139,131,126,126,128,125,129,125,124,,,,,
2026-08-11,141,129,126,128,132,130,130,128,126,125,124,125,125,128,129,3,3,3,4,7,7,7,9,8,9,10,9,11,11,11,141,129,125,127,139,133,128,125,126,124,,,,,
2026-08-12,128,125,127,131,128,127,126,124,123,123,125,125,128,128,128,2,2,3,6,5,7,7,7,7,7,8,10,10,10,9,128,125,126,131,130,126,121,122,121,119,,,,,
2026-08-13,124,125,130,127,130,126,125,125,125,125,125,127,126,126,127,3,3,4,4,6,6,6,7,7,7,9,9,9,10,10,125,126,129,127,134,129,125,128,122,120,,,,,
2026-08-14,125,129,126,133,129,126,126,125,125,126,126,125,125,125,122,2,3,3,5,6,6,7,7,7,9,9,10,9,11,13,125,128,125,133,126,129,122,119,118,119,,,,,
2026-08-15,129,125,136,128,124,129,125,124,127,128,129,129,128,126,125,3,2,5,5,6,6,6,7,9,10,11,10,13,15,14,128,123,136,130,119,128,128,124,134,133,,,,,
2026-08-16,124,138,123,126,129,125,124,125,127,129,130,128,126,124,122,2,4,4,6,5,6,7,8,9,8,10,11,12,12,12,124,139,122,128,129,126,123,131,136,137,,,,,
2026-08-17,137,126,123,129,126,124,126,129,132,132,126,123,123,126,126,3,4,5,5,6,6,8,9,9,9,10,12,14,13,13,138,125,120,131,129,124,125,123,135,137,,,,,
2026-08-18,127,118,128,127,125,130,133,137,136,129,128,127,128,126,122,3,3,5,5,6,8,9,10,11,11,12,12,12,13,15,128,118,129,128,125,131,144,141,134,125,,,,,
2026-08-19,118,126,129,124,131,138,141,135,130,131,133,132,129,130,130,3,3,3,5,7,6,8,9,11,15,14,13,13,13,13,116,126,126,121,126,143,141,134,154,160,,,,,
2026-08-20,128,131,123,128,137,138,137,136,132,130,130,131,129,128,127,3,3,4,5,6,10,9,9,12,12,15,12,14,16,13,130,131,123,125,136,136,134,140,127,127,,,,,
2026-08-21,130,126,131,134,142,132,133,133,124,124,122,120,119,119,120,2,3,4,5,8,6,8,12,12,11,13,14,14,14,14,130,126,130,139,148,133,138,138,110,123,,,,,
2026-08-22,124,130,134,145,135,133,131,121,122,123,121,117,118,119,117,3,4,4,6,6,7,10,9,12,11,9,12,13,12,14,124,129,135,148,136,135,138,121,119,126,,,,,
2026-08-23,128,135,143,134,132,132,123,125,123,121,119,117,116,119,118,3,4,6,5,6,8,8,10,9,11,12,12,14,14,13,127,135,149,137,129,132,128,134,120,109,,,,,
2026-08-24,137,148,136,132,135,125,126,123,121,119,120,118,115,114,116,3,6,4,5,7,6,8,11,15,15,14,12,12,13,13,138,150,139,132,133,122,124,124,115,132,,,,,
2026-08-25,146,134,129,139,132,130,124,125,124,120,118,116,117,120,118,4,3,5,8,6,7,12,16,13,13,12,12,13,12,12,149,135,127,142,133,134,119,118,111,113,,,,,
2026-08-26,136,129,140,133,128,121,118,120,126,128,125,120,119,120,118,3,4,7,5,6,14,14,13,15,13,12,11,12,11,12,136,128,140,134,130,111,109,116,130,132,,,,,
2026-08-27,130,138,131,133,127,124,136,138,140,130,126,124,123,120,118,3,5,4,5,10,11,14,11,9,11,13,15,14,15,14,130,139,131,134,121,116,137,134,129,134,,,,,
2026-08-28,142,131,133,122,115,132,135,134,125,118,116,118,117,116,113,4,3,4,7,6,12,13,9,12,13,13,14,14,14,15,144,130,133,121,117,133,145,140,123,120,,,,,
2026-08-29,130,134,117,115,131,136,138,132,125,124,121,121,118,116,114,3,3,6,5,11,11,10,10,9,11,12,11,13,12,14,130,136,119,117,139,150,147,133,121,123,,,,,
2026-08-30,133,117,114,123,123,129,128,125,125,122,119,117,115,113,113,3,4,5,9,11,9,9,8,9,9,9,10,12,11,12,136,118,112,120,120,127,125,127,126,127,,,,,
2026-08-31,118,115,125,129,133,129,124,125,122,119,119,116,113,114,112,3,5,7,9,9,9,8,9,11,12,13,13,11,11,14,119,117,123,132,142,140,127,126,124,127,,,,,
2026-09-01,116,126,130,135,133,121,124,127,123,120,118,115,115,114,114,4,5,6,7,7,8,7,9,9,10,8,10,9,9,9,116,125,128,137,135,122,133,126,121,121,,,,,
2026-09-02,128,132,136,135,121,126,129,125,122,121,120,115,111,108,107,3,5,8,5,7,7,7,8,9,9,10,11,12,14,13,129,133,135,135,122,124,132,127,132,123,,,,,
2026-09-03,136,138,132,120,124,130,125,125,124,119,112,109,107,106,107,4,6,5,7,6,7,7,9,9,10,9,11,13,14,11,135,139,132,116,129,129,120,122,131,119,,,,,
2026-09-04,135,133,123,128,129,126,127,125,120,115,112,111,112,111,109,5,5,4,4,5,7,7,9,10,10,11,11,10,10,9,132,134,126,128,131,130,129,127,121,112,,,,,
2026-09-05,133,122,127,130,129,127,126,124,121,116,115,114,116,116,111,4,4,4,5,6,7,10,11,11,9,10,10,10,11,12,133,124,129,132,132,126,132,137,111,108,,,,,
2026-09-06,121,127,131,128,127,132,134,122,116,114,116,116,116,114,113,3,4,4,4,4,10,11,12,11,11,12,13,13,14,14,120,124,131,131,127,131,146,126,115,121,,,,,
2026-09-07,125,130,131,130,130,139,132,128,127,126,122,121,119,116,114,4,3,4,4,7,9,9,8,7,10,10,10,10,13,13,125,130,132,132,133,145,139,137,129,126,,,,,
2026-09-08,130,131,129,133,144,134,128,130,129,124,121,117,116,114,113,3,4,5,7,7,9,9,7,8,11,10,10,11,13,15,131,131,132,133,146,131,130,128,127,123,,,,,
2026-09-09,131,128,132,145,136,131,134,131,121,116,114,111,109,109,107,2,3,5,6,8,7,6,9,11,10,10,12,14,14,13,131,129,134,149,141,131,133,137,116,110,,,,,
2026-09-10,130,130,142,138,137,135,129,119,115,113,111,111,111,109,106,3,5,5,5,6,6,10,11,10,10,11,13,11,14,12,131,131,143,139,140,136,127,101,92,98,,,,,
2026-09-11,130,142,137,136,135,121,113,113,110,105,104,102,102,100,98,5,3,5,5,5,8,9,7,8,10,11,13,15,16,14,127,145,141,135,135,118,109,113,111,95,,,,,
2026-09-12,143,139,138,137,120,111,110,108,107,96,87,88,92,93,98,3,3,5,6,8,8,7,7,11,13,16,19,18,16,14,145,140,138,139,120,112,110,109,112,89,,,,,
2026-09-13,139,139,139,121,113,111,111,104,93,89,89,96,97,95,92,2,3,5,8,7,7,7,7,14,14,15,15,17,17,17,140,142,140,119,113,108,115,105,94,94,,,,,
2026-09-14,140,138,117,109,107,104,100,96,90,88,95,101,99,94,88,3,4,3,5,6,6,8,15,12,11,13,15,16,17,17,141,139,118,110,101,107,108,100,97,89,,,,,
2026-09-15,137,118,110,108,106,104,92,89,93,94,99,99,95,92,91,3,3,4,5,6,7,11,11,14,14,16,14,17,18,16,138,118,106,110,107,110,101,94,121,105,,,,,
2026-09-16,118,110,107,104,101,82,83,89,99,107,103,98,95,94,91,2,3,4,5,6,10,12,11,13,12,12,12,15,15,13,118,111,106,105,106,87,83,80,87,95,,,,,
2026-09-17,112,104,105,102,85,82,88,96,103,104,102,97,93,94,93,3,4,4,5,9,8,9,12,11,9,11,13,13,14,13,114,105,107,103,85,81,86,79,90,102,,,,,
2026-09-18,102,104,103,86,83,85,96,106,103,97,92,87,85,88,88,4,4,4,7,6,6,10,9,8,11,12,13,13,14,15,101,106,104,93,88,84,91,98,107,88,,,,,
2026-09-19,104,105,91,85,85,98,109,103,96,89,81,80,85,86,87,3,3,6,5,4,9,8,7,10,14,14,15,17,17,15,104,104,92,83,84,93,111,109,96,93,,,,,
2026-09-20,104,88,82,85,91,108,104,98,93,87,84,87,88,88,87,3,4,5,4,7,6,6,8,12,13,13,17,17,16,16,104,90,84,85,95,112,109,91,92,91,,,,,
2026-09-21,94,86,88,90,108,105,98,92,87,81,86,86,85,85,83,3,4,3,6,7,6,6,9,12,12,14,16,16,15,17,95,85,87,93,111,108,98,88,82,82,,,,,
2026-09-22,91,90,91,110,109,99,94,89,80,80,80,80,83,82,78,4,3,5,6,7,6,7,9,12,16,18,18,17,17,18,92,91,94,111,114,97,95,82,70,69,,,,,
2026-09-23,93,88,106,109,100,96,94,83,78,81,83,84,82,81,79,2,5,5,6,6,7,8,10,15,18,17,16,16,18,18,93,90,105,113,104,100,102,92,81,78,,,,,
2026-09-24,87,107,110,104,97,92,81,75,80,80,82,84,78,73,77,5,4,5,5,5,6,8,11,17,17,15,15,18,19,18,86,107,112,109,100,97,82,86,80,62,,,,,
2026-09-25,106,109,102,99,95,81,77,84,80,77,81,76,72,72,75,4,4,5,4,5,7,12,17,17,18,17,17,17,17,17,106,108,102,101,101,82,77,77,70,62,,,,,
2026-09-26,106,102,98,98,82,77,80,81,82,85,81,77,76,77,77,4,4,3,4,5,8,15,16,15,13,19,20,16,17,19,109,98,96,99,84,76,82,104,99,88,,,,,
2026-09-27,99,97,97,79,78,83,82,84,88,80,77,76,78,75,73,4,3,4,5,10,17,19,15,12,14,15,18,18,21,18,99,97,100,79,74,77,71,90,98,95,,,,,
2026-09-28,97,98,77,70,76,84,88,89,86,81,81,87,84,80,77,2,4,5,11,18,19,14,9,10,13,14,15,17,19,19,99,99,79,61,65,98,102,94,89,97,,,,,
2026-09-29,101,79,66,74,96,97,92,86,82,82,89,89,81,73,71,3,4,9,15,11,10,9,8,10,12,12,14,17,20,22,102,80,64,66,102,106,98,94,83,94,,,,,
2026-10-03,86,87,90,86,78,73,85,95,98,88,86,84,78,73,67,5,6,6,4,7,8,11,9,11,11,11,15,18,21,22,85,86,90,85,75,78,86,105,101,89,,,,,
2026-10-04,88,90,85,76,64,87,88,86,77,69,72,67,60,59,56,3,5,4,6,9,10,11,12,12,16,20,21,22,25,23,87,91,87,77,58,94,81,82,67,65,,,,,
2026-10-05,86,84,77,70,83,96,93,87,77,77,83,76,67,67,65,4,4,5,6,9,7,11,10,10,12,16,16,22,25,25,86,83,77,73,82,95,101,84,69,70,,,,,
2026-10-06,85,77,71,83,97,93,86,77,78,85,78,70,73,73,69,3,3,4,6,6,9,10,9,12,12,15,18,19,19,20,85,77,71,84,100,101,83,78,79,103,,,,,
2026-10-07,80,72,86,99,92,81,75,79,84,76,69,70,65,65,63,3,4,5,5,8,10,9,11,13,17,18,19,18,21,18,79,70,86,100,92,91,78,81,98,90,,,,,
2026-10-08,70,87,99,92,78,70,82,86,78,67,63,63,66,67,65,5,3,4,6,7,5,10,12,17,19,20,21,20,20,20,66,86,98,92,69,71,83,96,96,75,,,,,
