init_date,em_d01,em_d02,em_d03,em_d04,em_d05,em_d06,em_d07,em_d08,em_d09,em_d10,em_d11,em_d12,em_d13,em_d14,em_d15,es_d01,es_d02,es_d03,es_d04,es_d05,es_d06,es_d07,es_d08,es_d09,es_d10,es_d11,es_d12,es_d13,es_d14,es_d15,hres_d01,hres_d02,hres_d03,hres_d04,hres_d05,hres_d06,hres_d07,hres_d08,hres_d09,hres_d10,hres_d11,hres_d12,hres_d13,hres_d14,hres_d15
2026-07-17,187,194,209,209,197,191,189,192,196,200,207,217,220,221,223,9,8,10,16,16,15,15,17,18,21,21,20,22,23,22,193,199,210,203,201,199,181,175,189,190,,,,,
2026-07-14,199,192,198,193,192,196,193,192,193,198,198,196,198,199,203,10,10,11,14,14,17,17,18,19,20,22,23,22,24,23,196,192,194,198,193,196,194,187,179,171,,,,,
2026-07-15,191,195,194,193,197,189,185,190,198,201,202,202,202,205,208,8,8,13,14,14,18,16,14,17,20,20,23,23,22,20,195,199,197,192,195,182,188,205,209,211,,,,,
2026-07-16,195,190,195,206,204,197,193,196,202,205,204,208,214,216,214,9,10,10,13,17,16,14,16,19,19,24,22,21,19,21,196,198,196,207,195,185,197,206,186,180,,,,,
2026-07-18,197,208,206,199,194,194,195,195,201,214,223,224,221,217,220,8,9,13,13,14,13,15,18,19,18,16,16,18,21,20,196,205,212,203,206,203,200,193,193,195,,,,,
2026-07-19,211,211,200,191,193,201,203,210,218,222,222,218,214,215,219,10,9,11,12,13,17,20,24,19,21,24,21,19,19,20,214,213,199,203,194,214,199,200,225,217,,,,,
2026-07-20,208,202,186,196,214,219,225,229,229,222,216,219,222,224,228,9,10,12,9,12,16,20,19,22,22,22,22,20,21,22,210,205,189,196,217,217,214,228,235,229,,,,,
2026-07-21,204,194,197,219,223,227,231,228,216,217,226,234,237,237,234,12,10,8,10,15,17,14,19,21,21,19,18,19,19,19,191,197,196,221,230,232,242,247,214,201,,,,,
2026-07-22,190,199,216,225,235,233,229,222,221,228,236,239,235,231,230,10,6,9,10,9,16,18,19,22,22,19,18,17,18,22,191,198,220,234,241,247,245,229,189,206,,,,,
2026-07-23,201,217,227,234,229,221,218,222,233,242,244,239,234,230,226,6,8,7,7,13,15,18,18,18,17,18,20,24,24,25,201,218,233,237,237,208,212,234,250,247,,,,,
2026-07-24,216,225,232,231,227,222,226,240,252,254,251,245,239,231,228,9,6,7,12,13,17,15,14,13,13,14,16,19,24,22,221,224,235,238,235,227,233,243,258,251,,,,,
2026-07-25,224,233,231,232,227,233,245,257,257,247,241,240,236,231,227,4,5,7,8,12,11,12,11,15,19,16,17,20,20,22,225,235,234,235,229,236,244,254,268,259,,,,,
2026-07-26,233,225,224,224,231,243,257,258,248,245,245,242,236,227,218,4,8,9,7,7,8,8,11,14,13,16,19,20,19,20,234,227,230,228,234,244,259,261,247,243,,,,,
2026-07-27,217,216,223,230,243,258,262,247,243,245,244,236,227,218,210,11,8,8,6,7,7,7,14,13,15,16,22,28,27,25,218,220,228,234,244,256,264,244,243,250,,,,,
2026-07-28,213,221,224,239,254,252,233,237,243,244,236,227,221,209,199,7,6,6,5,6,6,12,9,12,15,22,25,22,26,25,215,225,227,242,254,249,223,240,254,261,,,,,
2026-07-29,210,215,235,251,251,232,235,242,240,235,228,220,209,199,195,9,6,5,4,5,11,11,14,17,19,19,22,23,25,22,211,217,238,252,251,217,224,230,249,239,,,,,
2026-07-30,213,235,252,254,237,236,240,236,233,230,223,214,205,197,190,4,3,4,4,8,10,10,14,17,19,21,21,24,22,24,216,237,252,255,234,238,248,240,236,239,,,,,
2026-07-31,232,249,252,231,233,243,244,240,235,229,220,208,201,195,193,4,3,4,8,8,9,11,15,16,18,19,24,26,27,28,235,251,253,230,231,238,246,229,238,240,,,,,
2026-08-01,245,249,227,224,234,245,242,239,233,225,214,207,200,194,187,3,4,11,8,9,10,14,15,17,17,20,21,23,25,24,246,250,228,221,232,245,251,245,236,230,,,,,
2026-08-02,246,225,217,227,239,244,243,234,222,211,201,195,190,183,180,3,10,7,8,8,13,16,19,21,18,19,23,26,26,23,248,227,215,225,241,251,245,229,212,199,,,,,
2026-08-03,218,211,220,235,246,249,239,219,202,194,192,194,194,190,185,7,6,7,7,7,10,14,17,21,23,24,25,24,23,22,219,211,219,237,246,248,235,193,164,166,,,,,
2026-08-04,210,219,234,245,248,240,219,205,201,198,194,192,190,189,186,4,5,5,5,9,12,15,16,19,20,21,22,23,24,26,211,219,235,244,243,234,217,212,215,214,,,,,
2026-08-05,218,233,242,242,232,214,203,200,195,189,183,180,181,180,177,3,3,5,10,13,15,14,17,20,22,21,22,22,22,22,219,232,242,244,235,209,198,191,181,181,,,,,
2026-08-06,233,242,236,226,214,208,199,189,178,176,176,175,177,177,178,3,5,10,10,12,13,13,18,21,24,25,25,25,27,27,234,241,238,231,214,209,203,183,154,165,,,,,
2026-08-07,240,235,223,224,221,203,188,179,171,170,175,178,177,176,181,4,10,10,7,11,17,21,22,23,22,20,23,24,24,23,241,233,227,221,220,207,191,178,173,179,,,,,
2026-08-08,234,219,215,211,187,166,156,159,168,177,182,184,187,187,186,9,10,10,12,17,16,19,22,22,19,24,25,24,23,25,236,217,218,213,182,162,157,167,172,177,,,,,
2026-08-09,217,209,207,181,160,152,155,169,181,186,184,184,187,192,195,8,8,11,14,15,15,13,15,18,22,23,21,21,19,22,218,210,204,180,171,168,168,181,188,150,,,,,
2026-08-10,210,197,175,152,148,151,164,177,182,179,177,182,188,191,191,9,12,12,14,15,15,13,15,24,23,22,20,20,21,23,209,189,181,153,155,153,173,189,215,211,,,,,
2026-08-11,203,178,147,147,155,169,183,186,181,178,179,185,189,191,190,9,11,13,13,10,10,14,25,30,30,26,26,26,25,23,201,181,158,145,154,175,200,196,183,149,,,,,
2026-08-12,173,140,139,145,163,179,186,184,184,183,186,192,195,195,195,10,10,10,7,7,12,22,29,27,30,29,29,28,27,22,177,147,144,145,166,187,190,144,153,143,,,,,
2026-08-13,146,137,143,165,184,194,198,195,195,195,197,199,199,198,193,10,9,7,6,8,11,16,23,27,27,24,22,23,24,24,140,142,139,167,189,202,203,198,198,202,,,,,
2026-08-14,132,142,165,186,197,201,201,203,203,200,200,198,197,192,191,8,6,5,5,7,12,18,20,20,20,18,20,20,22,21,131,141,165,186,201,208,217,221,210,207,,,,,
2026-08-15,144,168,190,203,213,217,213,207,203,201,200,201,201,195,188,5,5,5,7,8,14,19,19,17,17,20,19,20,23,27,142,169,191,199,216,222,212,220,212,197,,,,,
2026-08-16,167,190,203,215,220,206,198,192,191,190,192,196,193,189,185,5,5,5,6,9,17,17,17,18,19,21,19,22,24,24,167,193,204,219,220,203,179,185,184,187,,,,,
2026-08-17,194,205,218,227,213,203,198,193,191,194,197,199,199,197,193,4,7,6,5,15,10,13,16,17,17,17,16,16,19,25,195,207,215,229,215,201,177,186,193,190,,,,,
2026-08-18,209,220,229,207,200,197,192,189,194,197,197,192,188,183,175,5,5,5,12,10,14,18,21,21,18,19,22,23,25,27,211,220,233,199,193,205,195,197,209,209,,,,,
2026-08-19,221,229,212,206,207,200,201,207,208,204,205,201,193,184,180,4,4,12,11,9,11,11,13,18,21,22,24,25,29,27,223,232,213,213,209,203,208,221,219,218,,,,,
2026-08-20,228,211,208,208,205,206,214,214,210,209,206,201,194,193,192,4,11,7,8,11,10,10,11,19,22,21,21,24,24,25,229,215,206,208,203,207,221,224,227,232,,,,,
2026-08-21,206,206,204,199,201,208,207,205,206,204,201,201,198,194,192,11,8,8,10,10,9,10,11,14,17,20,24,30,30,28,205,204,201,196,204,212,215,201,207,212,,,,,
2026-08-22,202,199,197,201,211,215,213,212,210,206,204,200,192,185,179,9,8,9,8,8,9,11,12,17,18,20,22,25,27,30,201,199,196,200,217,221,221,225,220,211,,,,,
2026-08-23,201,193,197,209,218,209,202,197,196,193,191,187,181,183,184,7,8,7,8,8,9,13,14,16,17,20,24,25,27,24,203,193,201,213,221,208,199,203,212,213,,,,,
2026-08-24,195,193,201,216,208,194,185,175,169,169,168,167,174,178,181,8,8,8,7,9,11,14,15,16,16,26,27,24,24,26,192,195,201,216,207,202,196,173,173,171,,,,,
2026-08-25,192,201,212,207,188,176,170,163,164,163,161,169,171,174,175,5,7,7,8,15,15,19,17,19,25,32,29,30,30,30,190,196,215,206,186,176,175,167,163,173,,,,,
2026-08-26,203,211,204,175,160,157,158,159,164,159,156,164,173,177,169,6,8,10,16,16,17,13,16,21,27,30,29,29,28,37,199,206,209,172,157,166,163,161,173,138,,,,,
2026-08-27,205,199,163,157,156,152,150,156,162,164,163,164,170,171,170,7,9,17,11,15,13,15,20,26,31,34,31,28,31,33,203,206,157,156,163,144,158,158,183,187,,,,,
2026-08-28,200,156,155,150,150,144,150,152,146,150,162,170,175,174,169,8,12,11,14,8,16,16,24,35,34,29,27,26,26,28,200,158,152,145,147,146,152,141,157,149,,,,,
2026-08-29,153,142,141,147,144,149,155,161,163,167,175,176,176,174,172,12,12,15,10,10,11,16,25,33,30,25,27,33,33,29,154,131,136,143,146,148,147,142,129,134,,,,,
2026-08-30,146,137,139,138,144,153,156,153,159,170,174,176,174,167,164,10,11,10,8,9,12,20,24,24,22,24,26,26,34,35,148,137,136,134,144,155,148,146,157,156,,,,,
2026-08-31,141,139,131,138,145,145,145,153,162,168,170,175,173,167,160,11,7,6,6,8,14,21,18,24,31,35,34,31,27,28,143,139,129,137,143,139,138,151,148,168,,,,,
2026-09-01,140,132,136,144,147,145,155,149,149,149,151,152,144,143,143,6,5,5,7,14,20,18,22,23,24,31,30,31,31,33,142,131,138,142,151,136,153,141,130,92,,,,,
2026-09-02,134,138,143,147,139,139,141,156,159,158,151,143,145,148,152,5,4,6,7,20,19,17,21,29,32,37,40,37,33,31,132,138,139,144,138,137,142,170,193,212,,,,,
2026-09-03,140,145,149,143,140,148,173,184,179,173,158,157,160,159,158,4,5,6,13,11,13,18,27,31,30,35,36,39,42,39,140,143,147,147,145,162,189,206,200,199,,,,,
2026-09-04,144,148,133,133,142,163,174,171,162,152,144,150,147,145,149,5,5,15,11,13,17,24,29,32,37,39,32,36,38,35,143,147,137,128,150,178,195,176,164,158,,,,,
2026-09-05,149,139,133,147,168,186,192,183,169,168,166,166,166,162,156,4,10,9,12,15,15,17,22,28,27,28,28,29,31,36,148,142,134,156,173,197,207,199,190,180,,,,,
2026-09-06,141,135,154,174,195,203,184,141,138,156,167,168,164,154,148,8,6,9,9,10,9,24,44,42,35,27,24,28,39,41,144,134,158,175,198,200,189,91,86,135,,,,,
2026-09-07,134,156,172,192,202,183,145,125,146,159,165,164,164,155,145,5,4,5,8,10,20,39,36,28,21,22,25,27,29,31,133,157,172,196,202,197,181,126,159,147,,,,,
2026-09-08,160,173,194,201,188,141,121,152,164,165,160,156,158,154,150,3,5,5,9,10,38,30,18,15,19,27,32,29,31,38,160,174,195,204,189,165,133,174,182,193,,,,,
2026-09-09,176,193,198,189,145,115,145,156,157,158,162,164,158,150,146,3,4,8,9,32,20,14,12,19,28,31,29,28,31,32,176,195,199,191,142,116,156,166,164,162,,,,,
2026-09-10,191,198,196,179,141,149,163,167,167,162,155,145,142,138,132,3,5,5,13,23,14,14,20,24,25,25,26,29,33,33,192,198,198,181,148,146,162,169,188,184,,,,,
2026-09-11,201,195,178,137,145,160,163,166,165,156,145,136,128,128,132,4,4,9,17,10,12,18,24,24,25,27,29,31,28,29,199,195,176,134,145,166,174,178,171,148,,,,,
2026-09-12,196,177,145,144,155,150,156,166,169,144,133,134,138,142,146,4,5,11,7,9,19,23,23,25,37,39,34,28,27,29,198,176,145,143,154,131,140,159,184,188,,,,,
2026-09-13,179,138,144,156,147,146,149,152,142,137,135,139,135,133,137,4,8,8,10,18,17,15,22,28,26,27,24,31,32,31,177,138,145,158,157,151,133,136,136,151,,,,,
2026-09-14,139,142,150,151,145,137,139,139,133,121,117,117,124,129,126,5,8,11,11,11,14,19,22,21,25,26,26,28,29,37,142,144,153,153,150,128,130,147,156,122,,,,,
2026-09-15,142,146,142,139,131,134,137,130,123,124,129,132,131,127,123,4,8,9,10,13,12,17,19,19,23,22,24,28,36,40,144,144,145,142,138,138,126,108,124,107,,,,,
2026-09-16,147,139,129,121,122,129,134,135,137,139,139,127,120,120,120,7,10,11,11,8,12,14,17,21,23,24,38,41,41,34,148,139,126,119,123,125,127,140,161,168,,,,,
2026-09-17,144,123,113,120,126,124,131,141,144,148,144,135,121,117,120,8,12,9,8,12,15,13,17,21,21,28,32,36,37,32,144,125,114,121,128,111,119,129,148,164,,,,,
2026-09-18,127,114,119,129,118,122,137,146,148,145,128,115,119,122,122,10,8,6,11,16,14,12,16,17,20,34,40,36,34,40,131,112,122,130,107,124,140,154,160,153,,,,,
2026-09-19,111,117,129,114,125,147,152,146,144,139,138,142,139,134,134,4,4,10,14,9,8,14,15,18,23,26,25,27,31,41,110,118,132,114,129,151,159,145,147,153,,,,,
2026-09-20,118,128,109,121,140,153,156,146,126,122,135,139,136,133,133,3,9,10,8,9,9,9,16,26,32,32,27,32,37,39,119,123,103,119,138,152,154,146,112,106,,,,,
2026-09-21,122,105,123,138,149,149,147,132,128,141,146,136,131,131,138,9,9,6,6,8,9,11,21,24,23,26,36,42,43,34,114,103,125,135,145,146,143,141,157,163,,,,,
2026-09-22,104,123,133,144,145,144,127,124,137,134,128,112,116,132,135,7,5,5,5,6,9,20,25,22,27,32,46,45,36,33,103,123,132,143,144,145,114,122,139,132,,,,,
2026-09-23,126,135,147,147,137,111,107,131,142,138,122,128,133,135,140,4,3,4,5,14,21,27,22,26,32,40,37,36,34,34,125,135,146,146,137,106,103,149,148,166,,,,,
2026-09-24,135,146,146,138,96,85,113,135,148,136,141,144,143,145,145,3,4,4,12,19,21,19,20,21,33,29,30,32,28,31,136,147,146,140,88,76,98,119,140,142,,,,,
2026-09-25,145,144,136,101,96,118,138,141,121,124,139,142,145,149,148,3,4,13,16,16,12,13,23,43,38,27,24,23,29,30,145,144,140,102,99,116,132,147,156,147,,,,,
2026-09-26,144,139,99,98,122,140,156,158,154,156,153,154,156,152,143,4,8,13,12,10,15,15,16,19,17,18,21,23,26,40,144,139,95,86,126,142,157,166,169,163,,,,,
2026-09-27,139,95,97,118,134,151,157,150,150,151,152,156,147,136,138,7,12,11,7,9,10,13,19,17,17,23,19,30,36,35,142,86,96,117,130,149,162,158,157,156,,,,,
2026-09-28,95,92,117,137,158,162,160,157,157,155,155,150,146,142,138,11,7,4,7,7,12,12,14,15,19,23,28,34,31,34,90,88,120,135,158,169,163,159,163,168,,,,,
2026-09-29,90,118,138,158,168,164,157,154,155,156,157,151,139,137,139,5,4,5,6,9,9,11,11,12,17,17,22,33,37,32,89,119,138,156,175,176,163,160,159,162,,,,,
2026-10-03,176,175,171,168,161,161,160,148,117,86,77,80,82,81,87,4,3,4,5,5,6,6,18,31,43,50,47,45,49,52,176,175,170,168,161,163,164,148,132,121,,,,,
2026-10-04,176,175,167,162,162,163,144,101,72,80,97,83,78,88,93,3,4,7,6,6,6,17,37,52,55,43,48,55,52,46,176,175,169,161,165,163,103,58,49,77,,,,,
2026-10-05,173,164,156,156,160,147,106,53,43,65,80,60,62,79,84,3,5,5,6,6,14,29,38,43,44,41,45,43,39,38,173,160,156,154,161,146,111,45,2,19,,,,,
2026-10-06,158,152,155,160,137,98,68,45,59,66,53,64,77,81,87,6,4,5,5,16,27,36,40,39,31,38,42,40,32,31,155,153,155,160,132,78,73,24,18,59,,,,,
2026-10-07,151,154,157,135,88,70,54,54,58,57,69,77,70,72,70,3,3,4,11,16,19,27,28,27,31,32,33,38,41,41,149,152,157,139,91,74,57,33,29,44,,,,,
2026-10-08,153,155,127,80,63,39,42,40,47,70,82,79,78,77,74,3,3,10,13,16,27,28,34,41,41,34,31,34,34,35,153,154,131,77,64,40,29,8,7,4,,,,,
