init_date,em_d01,em_d02,em_d03,em_d04,em_d05,em_d06,em_d07,em_d08,em_d09,em_d10,em_d11,em_d12,em_d13,em_d14,em_d15,es_d01,es_d02,es_d03,es_d04,es_d05,es_d06,es_d07,es_d08,es_d09,es_d10,es_d11,es_d12,es_d13,es_d14,es_d15,hres_d01,hres_d02,hres_d03,hres_d04,hres_d05,hres_d06,hres_d07,hres_d08,hres_d09,hres_d10,hres_d11,hres_d12,hres_d13,hres_d14,hres_d15
2026-07-17,268,269,289,298,296,279,265,260,264,269,269,270,271,280,287,16,9,9,10,23,27,22,24,28,29,26,27,27,25,25,263,262,290,303,299,264,268,247,257,241,,,,,
2026-07-14,284,259,278,286,277,284,291,276,263,262,264,261,260,261,262,8,9,11,18,17,17,19,30,30,27,27,27,27,27,28,289,260,276,299,282,294,310,290,243,266,,,,,
2026-07-15,257,278,286,271,279,286,261,252,261,263,262,261,263,268,273,8,7,18,17,13,22,30,23,26,28,25,30,28,28,28,262,281,290,279,287,299,271,268,295,296,,,,,
2026-07-16,283,274,267,285,297,286,268,265,271,272,271,273,274,276,279,8,15,11,11,15,27,26,25,25,24,29,27,22,22,25,287,268,272,296,305,273,249,257,259,236,,,,,
2026-07-18,276,292,301,298,281,270,274,269,269,270,276,281,279,282,285,8,7,10,22,27,23,25,27,27,24,26,25,33,32,27,282,296,308,306,288,257,280,279,275,277,,,,,
2026-07-19,283,303,298,273,261,281,281,281,280,279,280,280,278,275,279,7,5,15,22,19,22,24,26,25,27,28,30,34,29,27,284,307,279,273,266,300,305,295,271,244,,,,,
2026-07-20,304,303,264,252,287,296,293,299,297,291,284,277,271,276,286,5,10,20,14,18,17,17,18,22,26,27,27,29,25,24,306,302,268,247,297,307,298,314,319,304,,,,,
2026-07-21,297,260,252,287,297,292,295,293,294,300,299,297,291,289,292,10,17,10,16,16,18,17,17,17,19,23,21,24,25,25,299,255,250,293,312,283,288,310,291,273,,,,,
2026-07-22,261,259,297,304,296,296,290,291,299,301,303,290,276,277,282,17,9,11,12,12,15,16,16,23,21,25,28,31,31,29,265,266,297,304,300,298,299,304,294,279,,,,,
2026-07-23,261,294,300,292,291,287,291,301,308,308,295,282,280,281,280,7,9,12,11,13,13,16,17,17,19,23,26,32,35,32,262,300,302,292,293,296,308,302,308,318,,,,,
2026-07-24,299,304,294,289,292,287,303,308,311,299,292,289,294,294,289,10,9,11,13,14,14,13,13,16,20,26,30,32,27,26,301,305,300,289,287,281,296,311,312,296,,,,,
2026-07-25,302,295,292,288,288,295,305,308,287,265,268,282,289,285,283,10,11,11,9,12,13,13,18,27,26,28,27,24,24,28,305,294,293,288,289,301,301,304,296,270,,,,,
2026-07-26,291,294,283,279,289,301,305,279,261,267,282,288,289,285,279,7,15,12,15,12,11,15,21,23,22,24,24,29,26,29,292,298,288,281,290,300,309,275,253,266,,,,,
2026-07-27,288,282,276,285,294,306,289,254,257,280,292,293,288,279,275,9,8,12,9,11,12,20,24,22,22,20,20,23,27,28,293,284,281,287,290,295,289,249,240,267,,,,,
2026-07-28,271,267,276,288,305,266,233,261,282,287,288,286,282,277,274,8,12,11,8,10,14,18,19,17,24,25,25,26,27,29,271,248,267,291,311,255,220,271,302,312,,,,,
2026-07-29,257,257,279,300,266,233,246,271,287,287,283,288,288,278,273,15,12,11,10,10,14,19,25,25,23,20,23,21,24,25,252,257,282,297,259,216,234,248,285,278,,,,,
2026-07-30,256,283,300,271,237,242,275,285,285,291,297,295,282,274,266,9,8,7,10,12,17,25,24,21,17,19,20,23,27,31,255,283,303,273,235,231,285,289,293,275,,,,,
2026-07-31,279,296,264,228,236,269,294,290,285,288,291,284,272,265,263,6,5,9,11,14,17,21,21,19,18,19,23,27,30,32,281,296,266,226,228,255,301,267,275,294,,,,,
2026-08-01,296,262,221,224,253,291,289,287,290,286,282,278,274,268,259,5,8,12,8,13,17,19,18,17,19,20,22,26,28,34,295,263,222,221,250,289,300,308,294,292,,,,,
2026-08-02,260,218,219,246,283,306,301,294,287,282,275,271,264,258,253,7,10,6,9,12,13,13,17,20,19,17,20,26,29,30,259,219,215,244,280,316,305,304,263,265,,,,,
2026-08-03,209,211,238,271,301,301,293,280,275,267,264,261,257,257,258,6,5,7,7,9,11,16,18,21,22,25,27,27,25,24,208,211,236,271,301,308,292,257,257,253,,,,,
2026-08-04,203,234,272,294,303,300,284,279,274,263,259,257,256,258,254,3,5,9,8,7,12,14,18,18,21,25,28,24,24,28,204,235,273,298,303,299,292,292,279,273,,,,,
2026-08-05,230,273,291,302,299,288,277,272,265,262,260,252,248,247,242,2,4,7,8,9,14,14,16,20,19,21,27,29,29,34,229,273,292,307,296,285,276,275,254,237,,,,,
2026-08-06,268,291,295,295,288,283,275,261,253,248,242,240,240,239,244,3,5,7,8,12,12,12,15,21,26,32,31,30,33,35,269,291,298,297,296,291,278,270,244,251,,,,,
2026-08-07,288,292,284,282,277,269,255,249,247,242,240,241,240,240,244,3,8,8,10,9,11,15,20,27,28,27,31,31,29,28,291,294,288,283,279,274,261,248,253,223,,,,,
2026-08-08,289,282,281,276,266,255,238,230,229,234,238,244,247,248,248,5,7,9,8,12,14,22,25,24,27,32,34,30,32,32,289,286,283,277,267,264,238,213,224,233,,,,,
2026-08-09,281,280,272,265,252,228,212,218,230,231,232,238,244,249,253,4,6,8,14,19,24,22,19,23,30,33,31,29,28,30,282,281,272,266,237,238,226,231,225,153,,,,,
2026-08-10,277,270,260,229,207,207,218,234,228,222,228,236,243,251,257,3,7,16,19,21,21,16,23,33,36,35,32,31,28,29,278,271,269,237,209,208,227,257,277,288,,,,,
2026-08-11,268,261,224,195,205,224,245,243,226,223,226,239,249,252,253,5,15,17,17,17,13,16,29,38,35,31,30,32,31,30,271,268,231,197,203,224,254,237,208,173,,,,,
2026-08-12,271,218,194,196,212,231,228,221,217,228,233,240,251,258,256,8,14,15,15,12,17,28,32,37,35,31,32,33,33,29,274,221,204,212,222,246,230,200,205,211,,,,,
2026-08-13,218,187,187,206,229,229,222,225,233,242,248,252,260,261,255,13,16,12,10,15,22,29,32,34,32,25,25,23,23,24,224,184,191,206,233,239,230,215,227,240,,,,,
2026-08-14,176,183,200,221,217,219,225,241,254,255,255,260,258,249,244,12,11,8,11,17,23,28,30,29,28,24,21,25,30,29,176,184,201,216,206,211,249,277,247,213,,,,,
2026-08-15,198,214,234,235,245,259,271,264,253,254,263,265,256,240,236,10,8,11,16,17,16,22,26,27,24,23,21,22,33,35,199,215,240,241,255,266,291,297,222,206,,,,,
2026-08-16,219,238,246,248,270,286,273,255,251,252,256,251,245,235,230,9,10,17,16,13,16,21,19,18,25,24,23,26,32,36,225,241,251,249,275,294,274,243,248,253,,,,,
2026-08-17,239,250,256,276,289,276,250,249,254,256,250,242,246,243,237,9,11,10,11,11,16,16,18,22,21,21,22,25,28,30,243,252,261,280,292,287,257,254,246,253,,,,,
2026-08-18,244,250,273,285,270,246,252,259,254,252,249,243,236,231,220,9,6,9,13,18,15,20,21,24,25,23,29,31,33,39,246,250,278,286,261,250,265,263,262,246,,,,,
2026-08-19,253,276,290,277,252,253,258,263,252,244,245,237,229,221,215,5,7,9,19,15,16,15,14,22,23,24,30,31,32,39,255,272,302,282,251,265,254,261,260,254,,,,,
2026-08-20,279,294,279,253,247,249,254,255,254,251,243,235,232,228,221,5,7,14,12,16,17,15,16,20,22,24,30,34,36,42,279,292,280,260,252,236,258,266,273,263,,,,,
2026-08-21,294,268,254,251,254,258,248,244,239,226,232,235,229,227,227,8,13,9,11,14,14,19,21,23,29,28,33,42,42,43,297,270,262,249,252,263,257,233,236,231,,,,,
2026-08-22,273,251,245,250,262,257,247,243,231,238,242,231,214,207,211,11,8,12,11,13,17,21,20,28,26,26,34,39,40,41,275,255,243,249,267,263,246,254,243,226,,,,,
2026-08-23,255,245,253,261,263,248,232,217,226,239,231,212,209,216,222,7,9,10,9,12,18,18,23,27,20,28,34,34,32,35,258,247,256,263,262,253,245,229,254,264,,,,,
2026-08-24,236,242,253,260,243,228,200,213,222,209,199,197,204,210,220,9,11,11,11,20,19,27,31,24,31,35,37,35,34,33,240,241,258,262,251,243,199,204,232,203,,,,,
2026-08-25,244,255,259,244,221,203,202,212,209,196,195,204,212,216,217,8,9,9,19,20,23,33,24,27,37,44,40,40,37,41,242,258,265,256,242,216,220,205,199,203,,,,,
2026-08-26,257,255,234,200,176,182,210,204,188,175,176,188,200,209,204,9,10,18,19,19,27,20,23,29,36,41,39,41,41,49,259,259,222,189,161,176,233,214,174,123,,,,,
2026-08-27,260,232,198,183,192,206,202,192,182,184,190,194,201,201,209,7,17,19,17,26,22,24,32,40,46,43,37,35,43,42,265,231,195,186,216,236,207,235,198,185,,,,,
2026-08-28,220,198,175,184,201,199,187,167,163,173,187,202,214,212,201,12,11,12,19,16,19,34,47,50,42,37,35,33,33,41,217,197,175,187,192,191,211,219,157,145,,,,,
2026-08-29,186,158,170,192,183,183,190,202,194,188,195,198,205,207,202,6,6,13,18,21,30,37,44,48,42,35,37,43,43,39,187,161,175,208,172,201,173,186,205,185,,,,,
2026-08-30,159,174,192,176,176,190,211,201,192,198,200,203,198,194,191,7,9,15,16,22,29,37,45,39,34,38,39,42,48,45,158,178,188,170,177,218,239,242,212,210,,,,,
2026-08-31,169,196,172,174,176,187,192,187,193,200,206,210,209,204,193,4,13,11,18,23,37,40,31,36,38,40,36,40,42,47,170,193,172,184,156,202,199,160,145,181,,,,,
2026-09-01,192,174,177,185,206,215,191,171,181,189,190,183,175,175,178,8,10,14,23,27,30,28,32,29,31,37,42,42,40,39,188,175,181,205,199,220,174,138,182,186,,,,,
2026-09-02,186,177,174,172,201,167,153,183,194,193,182,176,175,182,189,8,12,17,19,26,26,23,24,30,35,43,46,43,42,40,190,179,172,179,188,153,145,197,220,253,,,,,
2026-09-03,173,179,183,202,153,151,191,209,210,195,182,181,188,196,190,9,10,12,20,17,18,24,31,38,41,48,48,48,46,42,174,184,182,205,152,170,206,226,236,260,,,,,
2026-09-04,166,176,197,148,139,181,202,205,188,171,170,176,182,188,185,9,10,15,14,11,19,23,34,44,50,47,42,45,45,41,162,179,193,152,143,195,211,242,206,227,,,,,
2026-09-05,172,195,149,144,188,207,216,206,194,202,207,203,199,196,191,8,8,12,12,20,17,24,38,44,37,36,40,37,37,41,174,197,157,150,188,213,228,193,188,230,,,,,
2026-09-06,195,150,148,183,205,213,187,155,162,185,204,202,197,188,178,7,7,6,11,12,17,43,49,43,38,33,36,43,49,47,195,152,147,178,211,206,163,90,122,162,,,,,
2026-09-07,144,149,174,198,200,175,135,130,163,187,203,206,201,186,176,6,4,7,10,19,39,43,35,30,29,26,32,39,37,39,146,150,175,201,201,193,147,123,178,219,,,,,
2026-09-08,152,171,198,201,183,133,126,163,187,182,177,179,182,185,186,3,3,7,13,31,47,26,17,18,34,44,42,37,39,41,153,171,198,208,178,132,120,175,202,245,,,,,
2026-09-09,170,195,210,208,132,114,157,177,175,186,195,196,192,187,183,2,4,11,18,40,18,16,20,33,41,41,37,38,37,33,171,195,218,217,118,106,170,205,216,178,,,,,
2026-09-10,194,212,212,174,129,156,182,202,213,204,190,183,181,181,177,5,9,11,33,22,16,20,29,37,36,31,33,39,40,41,198,215,213,184,128,152,170,198,229,232,,,,,
2026-09-11,207,206,181,126,153,179,191,201,203,194,186,172,165,163,172,7,8,25,13,12,19,33,36,32,28,29,40,43,45,42,208,208,182,121,157,197,227,195,203,205,,,,,
2026-09-12,208,196,135,148,177,186,189,201,205,189,181,179,173,176,179,4,11,9,7,17,31,32,31,31,40,42,42,43,40,43,208,198,139,148,170,169,182,205,218,228,,,,,
2026-09-13,193,129,152,184,182,169,170,180,188,189,182,180,179,176,175,6,6,5,19,38,26,22,29,30,30,32,32,42,48,42,193,131,155,194,213,162,157,178,190,209,,,,,
2026-09-14,128,151,191,193,162,159,175,191,184,170,167,159,161,165,156,3,4,11,26,22,18,21,23,31,34,35,36,37,41,44,129,153,191,202,165,151,179,205,217,158,,,,,
2026-09-15,150,193,197,157,145,168,186,192,179,170,178,180,168,161,155,3,8,20,17,12,14,14,21,30,35,38,38,41,46,47,151,193,196,169,148,173,194,179,163,137,,,,,
2026-09-16,193,203,158,133,149,168,179,184,189,190,180,166,151,148,143,5,14,14,12,12,13,15,23,29,31,38,50,51,47,42,192,211,159,123,132,161,177,196,199,224,,,,,
2026-09-17,204,158,126,140,160,171,178,187,196,190,179,166,153,150,153,12,14,14,10,9,11,18,20,25,31,38,42,41,41,41,202,156,119,139,158,167,170,182,200,199,,,,,
2026-09-18,145,120,139,158,168,177,187,197,196,185,158,144,145,144,146,9,9,7,7,11,13,15,16,28,38,40,42,38,42,46,144,121,134,156,169,181,185,201,216,208,,,,,
2026-09-19,121,145,168,178,184,199,208,194,177,163,166,178,169,156,157,10,9,7,11,16,14,18,34,39,36,35,35,42,42,46,122,145,170,180,182,212,218,219,195,175,,,,,
2026-09-20,135,155,160,166,184,196,172,166,145,151,170,165,158,157,158,4,4,12,11,9,17,31,38,35,32,32,37,44,46,45,136,156,158,157,176,194,145,175,143,129,,,,,
2026-09-21,152,150,154,176,189,165,168,158,162,178,179,162,155,156,158,4,12,8,8,13,24,26,25,26,27,39,52,52,48,43,152,150,147,172,187,160,163,148,185,199,,,,,
2026-09-22,147,147,168,183,142,151,150,149,163,155,145,131,141,153,152,12,8,8,12,18,23,27,30,33,42,45,46,48,43,46,134,144,162,180,138,159,162,153,184,197,,,,,
2026-09-23,142,165,173,136,155,133,127,146,155,150,133,146,152,159,169,5,4,6,15,20,22,24,26,34,41,44,41,42,43,39,141,165,170,131,162,140,120,143,133,176,,,,,
2026-09-24,168,177,135,158,141,128,145,165,165,147,166,174,180,183,175,4,6,11,13,18,20,17,22,31,42,38,36,35,36,42,169,177,136,158,146,140,142,168,186,198,,,,,
2026-09-25,180,136,164,158,149,153,171,158,142,160,177,181,186,190,183,6,8,12,12,18,17,21,39,45,42,37,34,30,34,42,179,139,173,164,151,152,175,196,174,174,,,,,
2026-09-26,133,163,158,144,159,168,183,182,188,194,190,194,200,190,178,7,11,11,12,12,24,24,31,29,29,34,34,30,40,51,134,163,161,148,164,166,184,198,204,218,,,,,
2026-09-27,161,150,141,153,166,188,188,187,197,195,196,197,178,166,168,7,12,8,8,16,21,22,21,20,25,28,32,42,42,38,158,157,145,156,176,203,199,185,200,152,,,,,
2026-09-28,137,133,148,164,189,191,201,208,202,200,199,184,175,168,160,8,6,6,11,14,22,19,18,23,31,31,36,38,37,48,136,134,151,163,196,215,218,215,220,218,,,,,
2026-09-29,138,153,161,183,192,201,213,208,200,203,200,184,174,173,168,5,5,7,10,16,13,12,17,23,20,25,34,43,47,44,140,155,158,181,194,207,219,210,218,210,,,,,
2026-10-03,188,202,219,200,195,189,195,175,123,102,101,101,101,104,111,4,4,8,9,12,10,15,34,47,51,52,47,44,46,48,191,203,221,203,201,194,199,213,166,140,,,,,
2026-10-04,199,222,205,202,196,203,169,104,85,101,112,95,102,108,109,3,5,6,8,9,10,30,40,46,52,47,49,51,51,46,201,224,205,209,204,207,155,100,101,138,,,,,
2026-10-05,216,201,192,188,195,163,93,72,74,90,89,81,91,101,107,5,5,7,7,8,25,40,40,41,44,39,37,39,39,41,217,201,189,187,191,170,71,30,13,35,,,,,
2026-10-06,203,194,192,198,163,92,73,70,79,76,78,90,96,98,102,3,4,5,6,25,35,38,40,38,32,30,33,30,33,36,205,193,194,200,169,85,108,90,71,79,,,,,
2026-10-07,197,194,197,139,77,81,93,91,88,94,101,97,89,90,84,2,4,5,19,24,27,28,33,30,34,30,30,34,36,39,197,194,198,145,62,72,112,67,74,89,,,,,
2026-10-08,192,200,154,92,83,86,80,73,83,95,100,97,93,93,92,3,3,16,23,31,32,28,31,33,32,28,31,31,35,36,194,199,163,79,81,91,65,43,45,41,,,,,
