init_date,em_d01,em_d02,em_d03,em_d04,em_d05,em_d06,em_d07,em_d08,em_d09,em_d10,em_d11,em_d12,em_d13,em_d14,em_d15,es_d01,es_d02,es_d03,es_d04,es_d05,es_d06,es_d07,es_d08,es_d09,es_d10,es_d11,es_d12,es_d13,es_d14,es_d15,hres_d01,hres_d02,hres_d03,hres_d04,hres_d05,hres_d06,hres_d07,hres_d08,hres_d09,hres_d10,hres_d11,hres_d12,hres_d13,hres_d14,hres_d15
2026-07-17,279,290,298,309,318,327,325,322,322,321,324,326,325,323,322,7,8,8,9,11,16,21,23,27,24,24,25,23,24,27,283,291,297,314,321,334,340,331,341,333,,,,,
2026-07-14,257,256,269,277,286,295,302,311,313,312,308,308,310,312,316,7,13,11,14,13,12,12,14,19,23,29,28,28,23,24,258,256,261,279,287,294,305,319,324,307,,,,,
2026-07-15,257,266,274,286,295,303,313,318,309,303,303,308,313,315,317,8,11,13,9,9,10,14,19,25,29,25,21,18,23,23,259,263,277,292,295,307,320,324,322,333,,,,,
2026-07-16,263,277,287,293,304,313,322,322,315,314,317,319,322,322,319,11,10,8,9,10,11,14,16,24,28,23,24,23,28,29,259,278,292,293,305,312,326,338,338,339,,,,,
2026-07-18,294,303,312,324,334,333,329,325,319,321,324,322,320,321,321,8,10,10,11,15,18,22,26,22,20,23,26,28,28,29,293,305,313,330,342,346,346,340,328,336,,,,,
2026-07-19,297,308,319,329,320,313,314,317,324,328,327,327,327,325,321,8,9,9,13,20,20,22,19,19,19,23,25,27,29,32,298,309,320,334,329,323,299,301,317,322,,,,,
2026-07-20,306,318,329,318,318,323,327,337,345,335,326,320,317,310,309,7,9,9,12,15,18,17,13,14,29,33,32,31,34,31,306,317,330,318,327,335,338,344,344,312,,,,,
2026-07-21,316,325,307,312,320,324,334,343,345,344,336,322,314,313,310,7,9,11,15,18,13,11,12,15,23,27,27,30,29,27,316,326,308,316,323,330,338,344,358,356,,,,,
2026-07-22,319,303,303,313,324,334,342,347,344,336,330,321,313,309,306,9,10,10,10,9,10,11,13,19,28,26,30,32,31,29,322,306,313,315,325,334,345,354,331,322,,,,,
2026-07-23,298,305,311,322,332,339,344,346,337,327,317,313,308,304,300,6,9,8,9,10,10,11,16,25,29,27,27,28,31,31,297,304,312,322,331,338,348,354,354,353,,,,,
2026-07-24,299,310,317,325,334,340,339,337,328,312,304,303,303,301,299,7,7,9,9,10,12,17,19,26,26,28,28,28,27,28,301,311,318,326,336,341,334,320,323,271,,,,,
2026-07-25,301,307,313,322,322,312,307,304,294,292,294,296,296,298,297,6,6,7,8,13,19,25,28,29,29,28,25,27,28,29,301,308,313,322,317,306,322,331,260,264,,,,,
2026-07-26,304,309,317,323,318,321,320,299,296,303,306,306,303,302,300,5,5,6,10,15,17,23,23,22,21,21,21,24,21,24,302,308,316,322,307,325,346,301,299,305,,,,,
2026-07-27,303,311,313,310,312,314,293,295,301,308,310,309,306,302,301,5,5,9,15,19,21,18,19,20,20,20,22,24,23,23,304,310,314,306,326,332,300,299,313,317,,,,,
2026-07-28,306,311,311,321,323,294,297,304,312,317,316,313,308,305,306,4,6,10,10,13,17,17,22,20,18,22,21,24,24,23,306,312,317,328,332,294,299,307,323,328,,,,,
2026-07-29,304,308,319,309,285,291,301,308,312,313,313,312,313,315,316,5,8,7,15,11,11,14,15,18,18,16,17,20,21,22,304,312,320,319,288,293,303,322,325,319,,,,,
2026-07-30,305,317,308,281,293,303,313,316,316,315,313,312,313,316,320,5,6,11,9,9,12,16,15,16,18,19,21,20,20,20,303,318,311,284,298,310,319,321,327,318,,,,,
2026-07-31,317,312,286,297,311,321,321,320,321,321,319,315,317,318,318,4,6,6,7,10,11,12,12,13,16,17,20,19,19,24,317,314,287,302,315,325,320,320,323,326,,,,,
2026-08-01,305,280,294,308,319,319,318,319,317,315,313,316,321,325,324,6,5,6,7,9,9,11,13,16,18,17,17,15,16,17,305,279,298,310,322,319,321,323,322,321,,,,,
2026-08-02,281,292,303,314,317,311,307,305,305,307,314,320,323,322,320,5,6,7,7,9,15,20,20,20,17,15,15,15,17,19,281,289,301,315,315,286,283,285,303,314,,,,,
2026-08-03,292,304,313,310,290,286,288,290,292,299,307,312,311,310,311,5,5,6,12,22,18,17,17,17,18,17,15,21,21,20,292,303,313,315,291,281,290,304,306,313,,,,,
2026-08-04,302,310,310,302,303,306,302,302,309,316,319,319,319,317,314,5,4,8,15,17,15,17,17,16,15,12,15,18,23,24,303,310,315,308,315,319,318,303,316,327,,,,,
2026-08-05,308,310,309,310,310,306,303,310,317,320,320,318,319,316,312,4,7,8,12,14,14,14,12,12,13,14,17,17,21,29,308,309,313,307,311,304,300,303,317,316,,,,,
2026-08-06,306,298,293,295,295,297,308,315,316,318,318,315,315,314,314,7,11,16,12,11,13,10,10,9,10,14,19,22,25,28,309,301,278,273,287,292,305,313,316,324,,,,,
2026-08-07,298,290,285,289,299,310,317,315,314,312,313,314,316,316,315,12,15,13,13,12,8,7,12,18,23,22,22,21,23,25,300,289,276,282,304,316,320,319,324,332,,,,,
2026-08-08,298,295,294,301,312,318,317,319,320,321,322,323,319,315,312,10,11,9,10,8,6,6,9,14,17,20,22,25,25,26,307,302,300,312,317,323,317,325,335,340,,,,,
2026-08-09,276,289,298,309,314,313,317,323,327,325,325,326,327,326,320,11,11,9,8,8,7,8,8,10,17,18,19,22,25,25,268,282,294,311,315,310,320,326,326,330,,,,,
2026-08-10,292,302,312,318,315,319,326,328,328,329,329,330,331,327,320,9,9,7,6,6,7,9,12,14,15,16,18,21,28,26,294,305,317,321,317,321,330,335,345,346,,,,,
2026-08-11,290,308,315,313,317,327,331,334,331,330,331,329,322,314,306,10,7,7,9,8,9,11,13,16,14,14,19,28,29,29,290,310,317,316,319,330,335,344,347,341,,,,,
2026-08-12,312,318,314,320,331,331,332,329,327,326,327,326,322,313,305,6,6,7,6,8,12,12,15,17,21,21,19,22,27,31,314,320,317,324,336,335,338,335,328,329,,,,,
2026-08-13,317,315,318,328,331,329,327,327,328,324,319,318,314,307,303,6,6,6,7,8,15,16,17,21,25,26,28,28,30,32,317,316,318,330,330,328,323,332,340,346,,,,,
2026-08-14,315,316,326,329,330,332,331,329,323,318,317,318,318,312,309,4,6,6,8,10,10,15,20,27,29,26,25,24,25,24,316,318,328,329,336,336,334,315,308,307,,,,,
2026-08-15,312,322,325,333,337,333,326,319,316,313,313,314,313,308,304,6,6,6,8,10,17,23,26,23,24,21,23,22,24,26,313,323,326,337,342,339,345,351,325,335,,,,,
2026-08-16,320,322,330,332,334,332,328,325,323,325,326,321,315,312,306,5,6,7,9,9,16,20,20,22,20,19,22,27,26,28,321,323,332,335,335,326,328,329,336,339,,,,,
2026-08-17,323,331,334,334,334,330,331,328,325,325,323,319,313,305,300,5,6,5,12,15,17,16,21,22,23,27,29,32,35,34,325,331,335,337,344,336,342,348,342,345,,,,,
2026-08-18,331,333,336,336,332,334,335,333,332,326,323,315,310,308,306,5,5,9,12,15,12,19,17,21,24,22,23,21,21,26,332,334,337,342,338,333,342,343,337,328,,,,,
2026-08-19,331,335,338,329,327,327,326,325,317,315,315,313,310,310,309,5,6,10,20,14,17,18,20,25,23,22,24,29,29,28,332,340,346,333,328,334,328,325,333,311,,,,,
2026-08-20,334,332,325,328,322,324,316,307,301,298,293,292,289,288,287,6,10,16,16,26,22,23,24,24,27,28,33,35,33,35,333,330,328,335,318,328,318,294,277,284,,,,,
2026-08-21,327,322,323,329,332,326,315,310,311,314,315,313,311,311,308,11,13,14,15,15,17,20,20,20,19,19,20,24,27,32,333,330,336,345,339,328,315,319,322,328,,,,,
2026-08-22,330,335,344,342,330,317,314,316,319,319,317,315,308,304,302,12,15,11,14,18,21,15,14,15,18,17,20,25,28,29,333,329,336,342,329,313,322,324,331,335,,,,,
2026-08-23,324,333,328,322,310,303,308,312,315,313,311,305,304,300,298,10,8,12,15,20,16,12,12,14,18,20,29,30,34,34,329,338,326,322,311,293,303,310,318,322,,,,,
2026-08-24,335,324,322,305,302,303,307,312,312,311,310,308,305,300,292,8,12,12,16,15,13,14,13,14,16,19,24,30,33,36,335,317,325,313,299,310,315,319,313,317,,,,,
2026-08-25,315,314,301,299,297,303,311,309,311,315,312,311,304,297,290,10,12,14,10,10,11,10,14,14,14,19,22,27,29,31,316,306,293,298,298,306,316,315,315,322,,,,,
2026-08-26,311,291,293,297,302,303,304,305,306,306,304,300,296,292,291,14,16,15,10,11,10,12,13,15,17,23,28,31,31,34,297,276,290,292,301,303,298,297,295,309,,,,,
2026-08-27,287,296,299,304,304,302,306,312,316,317,310,307,306,305,298,9,8,8,9,11,14,14,14,18,20,25,26,27,28,31,289,298,298,305,314,314,312,316,326,334,,,,,
2026-08-28,297,297,304,304,300,300,305,307,306,303,304,296,293,290,289,8,9,10,10,14,15,16,16,20,23,24,30,29,33,33,298,299,303,308,302,284,289,302,304,311,,,,,
2026-08-29,299,305,307,304,305,309,310,310,310,308,307,305,302,299,295,8,9,9,11,13,15,17,17,19,22,24,22,22,25,28,299,307,307,312,311,323,323,326,325,327,,,,,
2026-08-30,303,304,302,293,299,305,308,312,310,303,299,296,289,286,284,7,6,10,15,13,14,17,19,20,23,23,26,28,31,32,306,303,305,292,300,307,319,314,309,306,,,,,
2026-08-31,305,300,287,294,300,304,309,312,305,302,299,295,287,285,280,7,9,15,15,14,15,18,18,24,25,25,29,34,36,38,304,298,297,297,305,304,311,328,313,314,,,,,
2026-09-01,300,288,289,291,290,297,302,304,303,302,296,289,283,275,272,6,9,12,14,15,14,16,16,20,23,30,33,34,35,34,298,291,288,278,292,306,298,309,292,282,,,,,
2026-09-02,283,280,287,291,294,298,291,290,292,289,286,283,281,279,277,10,13,9,11,12,15,16,15,15,18,20,22,24,25,27,288,288,296,286,296,304,276,271,280,265,,,,,
2026-09-03,283,286,288,298,303,299,297,299,305,301,292,285,280,276,273,7,9,13,12,13,13,11,13,16,24,31,33,34,33,32,281,286,285,298,300,297,285,292,304,292,,,,,
2026-09-04,284,288,297,303,298,294,295,296,297,295,293,290,292,288,281,9,11,10,12,12,12,13,17,18,22,24,24,26,27,31,287,284,299,313,300,297,300,306,308,311,,,,,
2026-09-05,292,297,308,305,301,302,305,305,299,290,282,277,275,273,269,11,8,11,11,12,12,15,18,21,29,34,37,34,32,31,295,295,314,310,295,305,315,317,306,282,,,,,
2026-09-06,291,302,302,300,300,303,304,297,287,280,276,274,269,261,256,7,11,13,12,13,13,13,21,27,31,33,31,35,35,38,292,304,291,295,299,306,310,302,299,295,,,,,
2026-09-07,302,304,299,294,290,296,296,293,290,283,276,271,259,251,243,9,11,11,13,16,14,14,14,20,24,29,30,33,36,43,305,308,297,299,300,308,302,307,304,273,,,,,
2026-09-08,301,298,299,297,299,297,297,294,289,286,275,258,248,247,248,12,10,11,14,11,14,14,19,20,21,31,38,40,40,40,302,300,302,304,303,308,307,294,293,299,,,,,
2026-09-09,302,299,294,298,299,300,300,300,299,290,270,257,250,249,251,9,9,16,12,11,10,13,14,16,24,30,35,35,33,31,302,303,284,294,304,305,310,310,313,312,,,,,
2026-09-10,291,284,293,295,295,296,296,297,283,261,250,250,255,256,257,8,14,10,10,10,14,16,17,25,33,38,37,35,30,32,290,286,295,301,302,305,309,317,274,256,,,,,
2026-09-11,286,294,301,300,300,300,299,291,278,259,249,251,255,253,255,10,10,7,9,10,11,14,20,29,36,34,33,33,33,30,290,302,307,305,303,298,307,300,293,278,,,,,
2026-09-12,295,300,300,299,300,300,294,285,270,258,256,259,262,264,264,11,10,8,8,11,12,19,25,32,29,26,24,28,26,23,296,304,302,304,306,307,298,287,248,253,,,,,
2026-09-13,299,296,298,300,300,295,296,294,286,277,273,268,267,269,268,9,9,8,8,8,12,16,22,28,27,26,26,26,24,29,303,300,297,303,299,302,304,300,296,266,,,,,
2026-09-14,298,299,300,299,295,292,295,284,270,264,264,264,267,268,264,7,7,7,9,9,10,12,21,24,25,25,27,25,28,30,299,297,302,303,296,292,297,299,269,236,,,,,
2026-09-15,304,302,301,301,295,300,294,281,276,275,274,275,275,270,265,7,8,10,9,9,9,19,27,28,27,26,26,27,31,32,306,304,305,304,294,305,287,283,295,301,,,,,
2026-09-16,301,301,299,295,297,290,285,286,281,272,268,265,261,257,254,8,6,6,7,9,21,23,20,22,26,28,29,30,35,37,298,299,301,295,299,304,308,316,315,298,,,,,
2026-09-17,302,297,289,293,293,291,291,284,273,263,257,255,255,257,249,5,5,5,7,17,16,18,22,26,26,25,27,28,29,32,304,297,289,293,295,298,303,305,304,254,,,,,
2026-09-18,293,285,290,291,285,278,270,264,258,255,257,258,257,252,249,4,5,6,14,14,19,22,21,25,31,26,25,27,32,35,291,285,289,293,288,264,252,253,252,241,,,,,
2026-09-19,281,287,290,284,277,268,268,272,273,266,257,247,242,241,239,5,5,15,11,14,16,18,18,22,27,30,31,34,36,36,281,286,289,285,288,286,282,291,293,295,,,,,
2026-09-20,282,287,285,284,269,261,268,267,267,260,238,228,232,235,240,5,10,9,11,19,21,22,25,25,34,39,39,38,39,37,282,285,280,286,273,266,282,286,274,271,,,,,
2026-09-21,279,280,282,269,260,268,273,267,255,245,237,231,234,235,237,12,7,7,11,11,12,23,24,27,26,27,27,26,31,38,271,277,280,270,258,267,269,261,243,243,,,,,
2026-09-22,275,278,260,251,265,279,277,259,243,240,241,240,238,234,230,7,7,10,7,8,12,22,27,26,28,29,28,32,33,33,274,279,260,249,264,284,283,276,226,222,,,,,
2026-09-23,279,259,247,265,275,275,266,237,221,221,228,227,223,217,209,6,8,6,9,13,17,24,29,34,31,30,33,35,36,40,280,261,249,263,261,268,247,214,191,199,,,,,
2026-09-24,261,242,255,269,278,278,262,240,229,224,220,210,209,212,206,6,6,7,10,12,17,29,36,37,36,33,31,33,31,33,262,242,256,272,277,284,290,245,238,227,,,,,
2026-09-25,243,257,269,276,280,276,259,250,247,229,207,199,199,197,192,5,6,8,10,12,20,27,34,34,29,32,33,34,35,33,242,254,265,274,282,274,251,237,248,245,,,,,
2026-09-26,257,266,268,277,282,265,247,237,229,217,210,209,208,204,206,6,8,12,8,13,22,25,29,25,28,31,31,31,32,35,259,268,270,278,291,283,267,241,227,212,,,,,
2026-09-27,260,259,268,279,274,256,244,236,223,216,213,208,207,205,202,7,11,7,10,17,24,23,22,26,28,31,29,29,32,33,261,260,270,284,287,263,247,246,239,246,,,,,
2026-09-28,261,269,282,276,253,244,235,221,212,214,213,202,201,206,211,12,6,9,18,23,25,22,23,27,26,25,27,29,29,29,263,271,286,290,245,242,243,224,218,220,,,,,
2026-09-29,275,285,280,257,243,234,225,210,212,216,211,208,208,204,202,5,8,15,19,19,20,23,24,25,24,25,27,30,34,34,276,287,273,257,253,247,248,227,214,234,,,,,
2026-10-03,226,224,218,205,210,216,219,220,227,232,221,204,200,193,191,9,11,9,9,11,11,15,18,22,25,37,47,46,45,45,226,212,214,210,216,219,223,224,220,230,,,,,
2026-10-04,219,215,204,207,215,222,219,224,235,220,205,200,196,183,180,8,6,7,11,10,15,20,18,17,39,45,41,43,46,44,220,217,203,209,213,227,223,213,236,237,,,,,
2026-10-05,224,210,218,229,231,228,233,243,241,229,218,210,190,174,175,5,6,9,9,12,17,17,17,31,45,47,43,39,40,39,222,208,216,231,234,232,235,236,248,258,,,,,
2026-10-06,225,230,242,244,244,244,251,254,245,231,217,194,183,183,182,5,6,7,8,12,17,21,32,44,50,48,47,46,41,41,227,232,244,244,248,237,252,253,256,262,,,,,
2026-10-07,236,250,251,248,245,260,263,249,243,224,194,177,178,186,189,6,7,8,12,14,14,26,42,43,43,44,39,39,36,34,237,252,251,258,253,267,274,275,280,242,,,,,
2026-10-08,255,252,252,251,264,275,280,267,224,181,171,176,184,180,181,6,7,10,12,12,17,23,29,43,49,44,42,37,34,37,257,254,257,262,272,281,293,290,270,190,,,,,
