init_date,em_d01,em_d02,em_d03,em_d04,em_d05,em_d06,em_d07,em_d08,em_d09,em_d10,em_d11,em_d12,em_d13,em_d14,em_d15,es_d01,es_d02,es_d03,es_d04,es_d05,es_d06,es_d07,es_d08,es_d09,es_d10,es_d11,es_d12,es_d13,es_d14,es_d15,hres_d01,hres_d02,hres_d03,hres_d04,hres_d05,hres_d06,hres_d07,hres_d08,hres_d09,hres_d10,hres_d11,hres_d12,hres_d13,hres_d14,hres_d15
2026-07-17,264,265,266,274,288,287,264,266,279,283,282,278,278,277,277,9,12,15,10,14,18,25,25,27,28,28,29,30,30,27,268,268,268,267,293,297,245,252,270,292,,,,,
2026-07-14,240,250,259,264,267,269,275,280,272,260,258,260,261,268,269,8,7,8,11,16,16,16,18,20,25,27,27,26,26,28,242,252,265,265,268,263,278,290,271,223,,,,,
2026-07-15,251,259,264,265,266,273,280,280,270,268,273,278,281,281,280,6,7,11,15,16,13,18,22,27,30,29,23,24,27,33,248,266,271,260,256,268,272,281,270,291,,,,,
2026-07-16,263,264,265,265,272,283,284,269,267,275,281,280,278,274,269,7,11,13,13,11,15,19,25,25,25,24,26,28,28,29,265,261,262,270,267,286,276,270,284,296,,,,,
2026-07-18,268,267,271,281,282,259,260,273,278,278,278,274,270,270,269,14,14,10,14,16,21,23,23,20,24,27,27,27,28,26,272,268,272,275,282,261,261,275,273,270,,,,,
2026-07-19,268,276,288,285,260,259,266,271,278,281,279,274,272,270,269,13,9,10,14,21,21,23,26,24,25,26,31,28,29,28,272,275,288,280,262,258,258,256,259,267,,,,,
2026-07-20,273,290,285,263,263,268,277,289,285,270,265,273,279,281,280,7,8,11,13,16,21,18,23,26,30,30,30,32,32,31,275,292,289,275,273,285,268,296,289,237,,,,,
2026-07-21,285,281,258,260,268,280,292,291,281,278,277,272,270,275,276,7,9,14,17,18,18,25,26,31,34,31,27,28,29,29,287,286,272,269,268,271,287,287,291,262,,,,,
2026-07-22,281,258,258,264,276,285,297,291,280,278,275,268,265,272,272,10,11,16,17,16,16,19,23,25,26,26,28,27,26,27,281,263,269,255,269,280,286,303,277,282,,,,,
2026-07-23,262,262,268,277,283,297,291,281,279,278,275,272,275,276,274,9,15,15,13,14,18,22,23,24,25,23,27,26,25,25,262,259,260,276,281,293,291,273,267,243,,,,,
2026-07-24,259,252,268,275,288,286,276,278,275,267,264,270,272,269,267,11,13,8,10,15,16,16,20,21,21,23,22,23,25,23,267,246,261,276,293,281,266,276,281,249,,,,,
2026-07-25,251,267,278,292,274,255,254,261,266,265,265,267,266,265,266,8,7,8,9,15,15,18,21,20,24,22,21,22,20,20,253,263,276,292,265,250,249,259,266,286,,,,,
2026-07-26,269,273,284,271,257,257,260,254,256,261,267,271,268,264,263,5,14,11,13,11,13,21,19,18,19,18,17,19,20,21,269,268,276,271,256,260,252,238,235,237,,,,,
2026-07-27,272,285,269,253,253,254,246,250,258,269,273,271,270,267,268,12,9,13,10,12,19,18,16,17,18,20,23,23,25,27,267,288,268,253,250,238,243,254,254,260,,,,,
2026-07-28,292,284,263,255,260,251,254,259,265,272,276,275,272,270,270,9,14,11,10,19,15,15,17,19,22,23,24,24,24,20,297,296,268,258,260,255,246,240,244,250,,,,,
2026-07-29,277,267,257,256,252,252,258,264,269,272,274,273,270,270,268,8,8,9,17,12,12,16,17,19,22,22,24,23,24,27,279,270,259,261,251,246,255,253,262,267,,,,,
2026-07-30,274,265,263,254,255,263,271,280,284,286,282,279,275,278,282,7,10,13,11,12,15,17,17,18,19,24,25,25,26,28,276,269,265,256,241,239,261,280,295,301,,,,,
2026-07-31,265,270,250,248,257,271,282,285,289,288,286,281,277,279,280,6,10,11,13,16,16,17,24,25,22,24,25,22,25,26,267,269,249,247,258,273,287,305,319,313,,,,,
2026-08-01,258,242,243,249,262,273,275,276,276,276,274,277,277,276,276,8,8,9,14,13,13,17,20,19,20,22,21,22,26,30,255,243,239,247,263,282,284,281,291,290,,,,,
2026-08-02,236,244,250,258,271,273,267,271,276,279,282,283,279,278,275,7,8,13,14,13,14,16,15,18,21,23,23,25,25,27,229,242,250,253,273,265,259,264,268,277,,,,,
2026-08-03,242,252,253,268,271,263,266,270,273,274,275,273,275,275,273,6,8,11,11,12,14,13,15,16,18,20,20,22,25,27,244,255,254,271,281,274,287,290,285,282,,,,,
2026-08-04,255,256,269,270,266,273,279,275,269,263,265,270,272,272,272,6,9,11,12,15,14,16,16,18,20,21,22,23,23,23,257,258,269,269,264,271,290,275,258,244,,,,,
2026-08-05,257,269,269,262,271,278,278,273,272,270,271,272,272,272,267,7,8,12,16,14,15,15,20,20,22,24,25,27,30,35,253,269,268,267,273,289,285,284,290,307,,,,,
2026-08-06,267,267,261,268,276,273,273,271,272,278,278,276,273,268,264,8,12,14,12,13,14,16,19,20,21,25,31,33,34,33,272,272,263,275,285,274,287,293,271,249,,,,,
2026-08-07,262,265,273,272,271,268,264,268,273,274,270,270,274,275,272,10,12,12,14,12,17,18,21,23,28,32,32,30,32,32,267,262,271,278,264,264,261,274,288,287,,,,,
2026-08-08,257,259,263,266,267,273,277,282,282,280,279,276,273,272,271,11,11,12,12,14,16,18,20,22,24,27,28,29,31,31,262,257,265,276,261,274,294,305,306,297,,,,,
2026-08-09,258,269,270,265,276,283,290,294,293,287,286,287,288,286,285,10,12,13,16,16,16,15,18,21,26,28,30,29,30,31,259,265,275,280,286,296,310,316,325,324,,,,,
2026-08-10,267,274,275,285,297,302,306,309,303,299,299,301,299,296,288,8,10,15,13,11,14,15,17,25,24,25,26,30,33,33,268,277,287,275,299,308,309,313,295,295,,,,,
2026-08-11,269,276,285,299,306,310,315,305,299,303,305,301,295,286,280,11,15,14,13,15,15,18,21,23,22,24,27,31,30,30,273,281,296,311,317,323,312,303,296,311,,,,,
2026-08-12,271,288,303,310,315,320,309,300,298,295,297,300,295,285,276,15,15,15,17,17,19,25,26,28,30,30,27,27,28,30,268,291,313,322,326,323,312,327,322,330,,,,,
2026-08-13,283,298,304,309,309,292,290,294,294,290,289,284,280,275,272,11,12,13,12,17,22,19,22,25,30,32,30,28,31,30,288,307,309,320,313,279,288,298,318,307,,,,,
2026-08-14,299,306,311,311,295,297,296,283,279,277,278,279,277,274,271,12,15,13,15,18,17,22,23,27,30,31,30,29,29,28,305,315,318,316,297,288,295,277,260,257,,,,,
2026-08-15,299,308,309,292,294,291,271,266,265,270,278,283,284,281,278,10,12,14,16,15,19,24,25,24,23,23,22,23,26,29,298,309,314,300,304,289,267,265,267,282,,,,,
2026-08-16,301,303,289,294,288,271,264,266,264,270,278,280,278,270,268,10,14,15,16,21,20,18,18,24,26,29,29,27,26,26,303,307,294,301,296,259,261,264,267,286,,,,,
2026-08-17,307,288,289,287,275,275,272,263,272,281,280,273,269,266,264,10,13,14,21,20,18,21,27,31,29,27,24,24,26,28,310,292,293,300,297,287,289,274,265,255,,,,,
2026-08-18,275,273,283,277,276,273,269,279,284,281,280,277,275,272,270,11,13,18,17,15,18,24,25,22,23,21,25,24,28,31,275,268,285,285,289,282,272,294,305,265,,,,,
2026-08-19,278,291,271,273,273,267,271,278,273,274,277,276,278,279,278,11,19,15,13,13,19,22,24,23,23,26,31,31,35,35,279,291,264,266,273,269,267,278,276,272,,,,,
2026-08-20,284,272,269,269,254,262,274,271,265,262,263,258,252,252,252,11,10,12,13,17,18,21,24,25,25,25,27,28,28,27,279,267,268,268,255,267,259,250,255,248,,,,,
2026-08-21,277,278,274,260,265,266,259,259,265,270,275,275,272,270,267,10,11,13,16,22,24,19,17,17,19,20,23,26,27,28,284,284,280,271,271,259,248,252,259,276,,,,,
2026-08-22,274,268,260,263,266,261,264,268,271,276,276,269,264,264,264,11,13,17,21,20,21,18,17,19,22,26,32,34,33,34,273,266,260,250,245,248,255,262,265,271,,,,,
2026-08-23,258,254,260,268,259,259,264,271,278,278,273,262,258,260,260,11,13,16,22,17,13,14,17,16,18,21,25,30,31,32,259,260,269,274,262,270,276,285,295,267,,,,,
2026-08-24,263,271,276,266,264,268,274,280,285,289,288,283,278,272,265,10,14,18,21,18,16,17,18,22,24,25,29,29,30,34,265,279,281,269,260,268,280,288,297,304,,,,,
2026-08-25,266,278,271,265,268,277,286,291,296,294,288,284,277,269,262,11,13,16,16,14,14,13,16,19,22,28,31,30,30,33,274,283,267,261,269,282,291,299,307,316,,,,,
2026-08-26,268,267,268,272,280,286,290,293,292,289,288,279,273,269,266,12,14,12,12,13,14,17,19,20,24,26,30,35,34,33,273,277,278,282,292,294,304,290,295,296,,,,,
2026-08-27,248,261,263,272,280,287,291,297,296,291,282,281,281,279,271,9,10,11,12,12,13,16,18,25,31,35,35,34,34,36,246,260,261,272,282,284,297,305,304,295,,,,,
2026-08-28,257,258,266,274,283,287,291,293,291,287,282,273,267,267,263,7,8,10,10,12,16,18,22,26,28,29,29,30,33,33,257,256,267,274,279,285,286,283,296,295,,,,,
2026-08-29,264,274,283,292,298,300,300,294,288,282,279,281,278,275,274,8,8,9,10,13,18,21,24,26,26,28,28,29,30,29,265,276,285,294,292,292,267,273,285,285,,,,,
2026-08-30,272,280,291,299,299,297,295,286,271,266,269,273,270,267,266,6,8,10,11,15,21,21,21,24,25,26,29,33,35,35,271,279,291,306,304,303,311,281,253,254,,,,,
2026-08-31,274,287,298,300,297,297,293,280,276,274,276,274,267,266,265,6,8,10,12,16,19,20,22,26,27,31,34,40,43,41,273,287,300,304,298,304,298,273,265,269,,,,,
2026-09-01,282,293,301,300,293,285,280,277,280,283,277,265,259,257,256,6,8,8,11,16,18,16,18,22,29,34,37,39,40,36,283,294,303,299,292,280,289,283,295,303,,,,,
2026-09-02,291,299,301,294,288,280,276,282,287,281,273,272,271,267,266,7,9,11,17,17,16,15,16,21,27,29,31,28,30,31,294,301,304,303,307,278,280,283,286,277,,,,,
2026-09-03,296,302,300,297,286,280,286,293,285,270,272,273,269,264,259,9,9,14,15,14,11,12,15,26,36,37,34,32,33,34,298,304,299,298,280,284,288,298,304,264,,,,,
2026-09-04,298,302,300,284,280,286,294,290,279,282,283,281,277,270,260,9,13,12,14,12,13,12,20,26,27,28,30,32,36,41,297,305,289,285,282,284,298,283,274,277,,,,,
2026-09-05,291,294,278,278,283,286,278,272,273,267,253,249,250,246,241,11,11,11,9,10,17,20,23,24,28,38,39,37,36,37,294,299,283,284,286,294,294,287,281,233,,,,,
2026-09-06,301,286,273,281,283,271,272,274,270,263,259,255,248,241,233,11,12,11,10,16,21,20,20,27,35,37,35,34,40,44,303,290,277,284,289,280,279,293,297,303,,,,,
2026-09-07,279,275,278,282,272,269,271,273,271,262,253,247,233,223,218,10,9,10,14,17,18,17,19,27,31,34,32,36,40,42,281,277,279,290,265,254,265,276,280,263,,,,,
2026-09-08,269,271,279,275,270,271,272,272,271,269,260,241,228,224,221,6,7,8,16,16,16,18,22,21,23,28,40,44,41,41,268,269,276,282,282,282,296,305,304,304,,,,,
2026-09-09,274,278,275,259,264,271,275,276,277,266,245,226,223,222,221,7,9,13,16,14,14,15,15,16,24,34,37,36,36,36,273,275,284,251,255,269,272,272,279,284,,,,,
2026-09-10,271,275,254,259,266,267,269,265,247,223,218,223,228,228,231,6,10,15,10,14,22,18,20,27,34,36,32,33,32,31,271,278,253,261,271,281,285,284,249,236,,,,,
2026-09-11,269,247,260,268,273,274,272,271,259,240,232,233,228,224,223,9,10,7,10,17,16,16,22,31,35,35,32,31,34,33,271,247,261,275,283,284,278,289,285,247,,,,,
2026-09-12,252,260,271,282,280,275,274,269,253,238,231,230,230,232,231,8,8,10,11,11,14,20,27,33,32,29,28,28,28,27,252,259,269,288,279,268,269,267,239,214,,,,,
2026-09-13,269,279,291,288,285,288,285,276,263,249,243,239,241,238,239,8,10,9,10,12,17,18,23,26,26,27,31,31,32,31,268,276,293,290,293,299,299,280,240,239,,,,,
2026-09-14,286,296,291,291,294,292,284,267,248,238,231,231,235,236,233,9,9,8,11,12,14,18,22,26,28,30,29,28,29,31,286,298,291,292,296,296,275,238,232,182,,,,,
2026-09-15,291,287,288,300,300,296,286,266,252,240,240,243,245,244,241,7,8,9,11,12,13,19,26,28,28,26,25,24,28,29,290,286,287,305,312,304,295,253,260,256,,,,,
2026-09-16,283,284,299,299,294,287,272,262,247,240,240,241,241,236,236,6,8,11,12,13,15,18,21,24,28,29,28,32,34,37,282,282,305,310,288,293,283,279,267,256,,,,,
2026-09-17,284,296,293,284,279,266,255,237,228,224,224,226,228,231,229,7,9,13,12,16,16,17,23,27,25,25,29,31,30,35,284,293,290,274,282,262,259,252,250,239,,,,,
2026-09-18,293,293,283,277,257,238,222,213,211,212,216,223,227,226,224,8,12,13,17,16,17,20,21,21,24,24,21,25,30,31,290,294,284,288,246,223,203,196,208,210,,,,,
2026-09-19,287,281,278,256,238,225,219,212,207,215,217,217,215,215,219,10,9,11,18,15,18,19,21,21,25,26,29,35,38,36,290,279,281,246,240,232,231,222,211,224,,,,,
2026-09-20,274,278,256,240,222,219,216,214,219,225,222,215,214,215,214,7,9,16,14,17,18,21,22,19,21,31,37,40,38,37,268,271,244,238,228,219,225,235,219,224,,,,,
2026-09-21,262,251,241,225,222,212,212,215,224,227,226,223,221,218,219,10,12,9,11,12,17,21,20,20,24,28,31,32,36,40,255,249,240,225,225,211,206,204,214,233,,,,,
2026-09-22,255,243,227,221,207,210,218,232,238,234,229,228,224,218,212,10,10,10,11,17,20,22,20,23,28,30,29,32,34,37,253,245,231,225,221,215,207,211,236,253,,,,,
2026-09-23,223,217,213,204,210,210,222,227,209,202,203,203,194,188,175,6,8,8,14,18,18,20,24,28,31,31,33,36,38,39,219,220,214,209,222,229,231,220,207,174,,,,,
2026-09-24,217,211,194,202,204,221,242,242,233,225,216,196,189,189,181,6,5,8,13,12,13,18,27,34,36,34,37,35,33,36,221,212,193,208,209,229,251,266,274,249,,,,,
2026-09-25,210,201,201,200,212,237,251,249,246,232,202,182,177,172,164,5,6,9,9,10,13,17,27,30,28,35,38,34,34,34,209,200,200,199,205,234,257,265,253,226,,,,,
2026-09-26,211,207,203,217,243,261,258,243,226,205,186,181,176,175,181,6,9,9,10,11,12,23,33,30,27,30,30,29,31,32,213,208,205,221,248,267,272,244,212,189,,,,,
2026-09-27,212,205,214,235,255,262,247,229,211,199,188,183,177,175,175,9,9,8,9,9,17,23,23,29,30,33,30,32,35,34,217,204,215,238,252,259,235,224,219,207,,,,,
2026-09-28,207,216,235,256,262,250,229,202,189,186,183,177,176,182,187,7,8,7,7,16,24,25,31,28,27,25,30,34,31,34,206,220,237,254,266,257,237,223,209,207,,,,,
2026-09-29,211,233,253,263,247,225,207,191,188,188,184,183,182,181,181,6,7,7,15,22,24,23,25,27,25,27,29,32,36,42,214,233,251,274,247,228,205,184,177,177,,,,,
2026-10-03,246,232,221,205,206,209,213,211,205,209,200,181,175,169,158,6,9,10,11,11,13,18,26,29,29,35,47,49,48,43,246,239,235,215,218,225,224,226,199,214,,,,,
2026-10-04,227,220,203,206,210,216,212,208,210,199,184,176,167,160,154,7,9,9,7,10,15,26,21,20,35,47,46,45,47,47,228,219,202,206,215,219,188,201,191,197,,,,,
2026-10-05,222,197,199,209,211,208,202,211,213,201,189,188,176,155,149,5,6,6,7,14,25,21,20,25,39,44,41,39,42,43,224,198,200,205,222,228,195,220,205,208,,,,,
2026-10-06,202,206,218,225,213,204,212,214,207,194,187,167,154,159,161,5,6,8,14,25,23,20,29,43,50,45,43,41,36,36,204,207,217,231,200,218,209,205,220,233,,,,,
